16000000	0.105799	0.0907086 0.234782 0.492902 0.772296 1.09847 1.44425
19640000	0.122128	0.113398 0.327382 0.543582 0.827592 1.1385 1.50267
23280000	0.142677	0.139437 0.348052 0.593338 0.852284 1.19797 1.55803
26920000	0.163445	0.172948 0.391384 0.699106 0.957134 1.25157 1.59986
30560000	0.185514	0.194434 0.423602 0.677026 1.02145 1.32064 1.65699
34200000	0.205152	0.204438 0.459326 0.728392 1.02542 1.38523 1.74926
37840000	0.239518	0.234782 0.492902 0.772296 1.09847 1.44425 1.79741
41480000	0.26347	0.327382 0.543582 0.827592 1.1385 1.50267 1.85883
45120000	0.281028	0.348052 0.593338 0.852284 1.19797 1.55803 1.91836
48760000	0.303328	0.391384 0.699106 0.957134 1.25157 1.59986 1.92027
52400000	0.324178	0.423602 0.677026 1.02145 1.32064 1.65699 2.0077
56040000	0.34248	0.459326 0.728392 1.02542 1.38523 1.74926 2.08968
59680000	0.360682	0.492902 0.772296 1.09847 1.44425 1.79741 2.10678
63320000	0.38144	0.543582 0.827592 1.1385 1.50267 1.85883 2.19468
66960000	0.404308	0.593338 0.852284 1.19797 1.55803 1.91836 2.26376
70600000	0.429786	0.699106 0.957134 1.25157 1.59986 1.92027 2.2625
74240000	0.467538	0.677026 1.02145 1.32064 1.65699 2.0077 2.32168
77880000	0.506978	0.728392 1.02542 1.38523 1.74926 2.08968 2.40516
81520000	0.505096	0.772296 1.09847 1.44425 1.79741 2.10678 2.45936
85160000	0.531072	0.827592 1.1385 1.50267 1.85883 2.19468 2.55046
88800000	0.530622	0.852284 1.19797 1.55803 1.91836 2.26376 2.58766
92440000	0.560114	0.957134 1.25157 1.59986 1.92027 2.2625 2.61112
96080000	0.586202	1.02145 1.32064 1.65699 2.0077 2.32168 2.68314
99720000	0.620216	1.02542 1.38523 1.74926 2.08968 2.40516 2.72516
103360000	0.64	1.09847 1.44425 1.79741 2.10678 2.45936 2.76968
107000000	0.641444	1.1385 1.50267 1.85883 2.19468 2.55046 2.8309
110640000	0.675528	1.19797 1.55803 1.91836 2.26376 2.58766 2.89188
114280000	0.71883	1.25157 1.59986 1.92027 2.2625 2.61112 2.9424
117920000	0.722876	1.32064 1.65699 2.0077 2.32168 2.68314 3.03392
121560000	0.746076	1.38523 1.74926 2.08968 2.40516 2.72516 3.06834
125200000	0.77795	1.44425 1.79741 2.10678 2.45936 2.76968 3.12122
128840000	0.782962	1.50267 1.85883 2.19468 2.55046 2.8309 3.15094
132480000	0.804356	1.55803 1.91836 2.26376 2.58766 2.89188 3.2427
136120000	0.827358	1.59986 1.92027 2.2625 2.61112 2.9424 3.32578
139760000	0.863982	1.65699 2.0077 2.32168 2.68314 3.03392 3.32506
143400000	0.86654	1.74926 2.08968 2.40516 2.72516 3.06834 3.42762
147040000	0.916134	1.79741 2.10678 2.45936 2.76968 3.12122 3.436
150680000	0.899794	1.85883 2.19468 2.55046 2.8309 3.15094 3.47726
154320000	0.929774	1.91836 2.26376 2.58766 2.89188 3.2427 3.58398
157960000	0.959512	1.92027 2.2625 2.61112 2.9424 3.32578 3.62702
161600000	0.988908	2.0077 2.32168 2.68314 3.03392 3.32506 3.6952
165240000	1.03048	2.08968 2.40516 2.72516 3.06834 3.42762 3.7191
168880000	1.00158	2.10678 2.45936 2.76968 3.12122 3.436 3.70972
172520000	1.04487	2.19468 2.55046 2.8309 3.15094 3.47726 3.81672
176160000	1.04945	2.26376 2.58766 2.89188 3.2427 3.58398 3.872
179800000	1.06321	2.2625 2.61112 2.9424 3.32578 3.62702 4.0221
183440000	1.10378	2.32168 2.68314 3.03392 3.32506 3.6952 4.02402
187080000	1.13017	2.40516 2.72516 3.06834 3.42762 3.7191 4.06114
190720000	1.16643	2.45936 2.76968 3.12122 3.436 3.70972 4.0683
194360000	1.16676	2.55046 2.8309 3.15094 3.47726 3.81672 4.1576
198000000	1.19533	2.58766 2.89188 3.2427 3.58398 3.872 4.18374
201640000	1.17874	2.61112 2.9424 3.32578 3.62702 4.0221 4.25618
205280000	1.22898	2.68314 3.03392 3.32506 3.6952 4.02402 4.3119
208920000	1.27131	2.72516 3.06834 3.42762 3.7191 4.06114 4.42702
212560000	1.27102	2.76968 3.12122 3.436 3.70972 4.0683 4.45216
216200000	1.30189	2.8309 3.15094 3.47726 3.81672 4.1576 4.47634
219840000	1.31273	2.89188 3.2427 3.58398 3.872 4.18374 4.53396
223480000	1.34864	2.9424 3.32578 3.62702 4.0221 4.25618 4.58258
227120000	1.36976	3.03392 3.32506 3.6952 4.02402 4.3119 4.67436
230760000	1.37172	3.06834 3.42762 3.7191 4.06114 4.42702 4.74
234400000	1.39413	3.12122 3.436 3.70972 4.0683 4.45216 4.80006
238040000	1.41325	3.15094 3.47726 3.81672 4.1576 4.47634 4.78338
241680000	1.43762	3.2427 3.58398 3.872 4.18374 4.53396 4.82608
245320000	1.45179	3.32578 3.62702 4.0221 4.25618 4.58258 4.98882
248960000	1.49784	3.32506 3.6952 4.02402 4.3119 4.67436 4.96628
252600000	1.49958	3.42762 3.7191 4.06114 4.42702 4.74 4.9864
256240000	1.54493	3.436 3.70972 4.0683 4.45216 4.80006 5.11598
259880000	1.55013	3.47726 3.81672 4.1576 4.47634 4.78338 5.08592
263520000	1.56964	3.58398 3.872 4.18374 4.53396 4.82608 5.22046
267160000	1.59845	3.62702 4.0221 4.25618 4.58258 4.98882 5.27692
270800000	1.63073	3.6952 4.02402 4.3119 4.67436 4.96628 5.29346
274440000	1.63949	3.7191 4.06114 4.42702 4.74 4.9864 3.08302
278080000	1.67731	3.70972 4.0683 4.45216 4.80006 5.11598 3.11392
281720000	1.6721	3.81672 4.1576 4.47634 4.78338 5.08592 3.13768
285360000	1.71327	3.872 4.18374 4.53396 4.82608 5.22046 3.1903
289000000	1.71683	4.0221 4.25618 4.58258 4.98882 5.27692 3.20288
292640000	1.76451	4.02402 4.3119 4.67436 4.96628 5.29346 3.25272
296280000	1.77347	4.06114 4.42702 4.74 4.9864 3.08302 2.051
299920000	1.83483	4.0683 4.45216 4.80006 5.11598 3.11392 2.1085
303560000	1.8104	4.1576 4.47634 4.78338 5.08592 3.13768 2.08222
307200000	1.83848	4.18374 4.53396 4.82608 5.22046 3.1903 2.12686
310840000	1.88251	4.25618 4.58258 4.98882 5.27692 3.20288 2.1492
314480000	1.90522	4.3119 4.67436 4.96628 5.29346 3.25272 2.15932
318120000	1.91446	4.42702 4.74 4.9864 3.08302 2.051 1.36387
321760000	1.94676	4.45216 4.80006 5.11598 3.11392 2.1085 1.37294
325400000	1.97667	4.47634 4.78338 5.08592 3.13768 2.08222 1.39868
329040000	1.97453	4.53396 4.82608 5.22046 3.1903 2.12686 1.39943
332680000	1.99326	4.58258 4.98882 5.27692 3.20288 2.1492 1.41742
336320000	2.01652	4.67436 4.96628 5.29346 3.25272 2.15932 1.42373
339960000	2.04114	4.74 4.9864 3.08302 2.051 1.36387 0.82636
343600000	2.0486	4.80006 5.11598 3.11392 2.1085 1.37294 0.850626
347240000	2.06328	4.78338 5.08592 3.13768 2.08222 1.39868 0.849842
350880000	2.10866	4.82608 5.22046 3.1903 2.12686 1.39943 0.85568
354520000	2.1513	4.98882 5.27692 3.20288 2.1492 1.41742 0.86557
358160000	2.18354	4.96628 5.29346 3.25272 2.15932 1.42373 0.887118
361800000	2.17258	4.9864 3.08302 2.051 1.36387 0.82636 0.382816
365440000	2.23768	5.11598 3.11392 2.1085 1.37294 0.850626 0.407954
369080000	2.16706	5.08592 3.13768 2.08222 1.39868 0.849842 0.39725
372720000	2.22924	5.22046 3.1903 2.12686 1.39943 0.85568 0.411072
376360000	2.23958	5.27692 3.20288 2.1492 1.41742 0.86557 0.401948
380000000	2.31044	5.29346 3.25272 2.15932 1.42373 0.887118 0.40921
