desc: I1 cache:         2048 B, 64 B, direct-mapped
desc: D1 cache:         2048 B, 64 B, direct-mapped
desc: LL cache:         8388608 B, 64 B, direct-mapped
cmd: ./slow 12240
events: Ir I1mr ILmr Dr D1mr DLmr Dw D1mw DLmw 
fl=/build/glibc-bfm8X4/glibc-2.23/csu/../csu/init-first.c
fn=_init
52 8 1 1 0 0 0 4 0 0
58 4 1 1 1 1 0 1 1 1
65 5 1 1 4 3 0 0 0 0
70 1 0 0 0 0 0 1 1 1
71 1 0 0 0 0 0 1 1 1
72 2 0 0 1 1 0 1 1 1
86 4 0 0 0 0 0 1 0 0
94 1 0 0 0 0 0 1 0 0
99 6 0 0 5 0 0 0 0 0
fl=/build/glibc-bfm8X4/glibc-2.23/csu/../csu/libc-start.c
fn=(below main)
134 10 1 1 0 0 0 8 0 0
138 7 1 1 1 1 0 1 1 0
220 2 1 1 0 0 0 0 0 0
221 4 0 0 0 0 0 1 0 0
243 4 0 0 2 1 0 0 0 0
246 2 0 0 0 0 0 0 0 0
247 5 0 0 4 2 0 1 0 0
251 4 1 1 2 1 0 0 0 0
266 2 0 0 0 0 0 0 0 0
278 2 0 0 0 0 0 1 0 0
279 2 0 0 0 0 0 0 0 0
284 2 0 0 1 1 0 1 0 0
285 2 0 0 1 1 0 1 0 0
288 2 0 0 0 0 0 1 0 0
291 6 0 0 5 0 0 1 0 0
fl=/build/glibc-bfm8X4/glibc-2.23/csu/../sysdeps/generic/dl-hash.h
fn=_init
45 12 0 0 4 1 0 0 0 0
48 12 0 0 0 0 0 0 0 0
62 16 0 0 0 0 0 0 0 0
fl=/build/glibc-bfm8X4/glibc-2.23/csu/../sysdeps/unix/sysv/linux/x86_64/init-first.c
fn=_init
36 11 2 2 0 0 0 4 0 0
38 4 0 0 0 0 0 1 0 0
39 2 0 0 0 0 0 0 0 0
40 2 1 1 0 0 0 0 0 0
41 2 1 1 1 1 0 0 0 0
42 1 0 0 0 0 0 1 0 0
44 3 0 0 0 0 0 1 0 0
45 2 0 0 1 1 0 0 0 0
46 1 0 0 0 0 0 1 0 0
fl=/build/glibc-bfm8X4/glibc-2.23/ctype/ctype-info.c
fn=__ctype_init
31 7 2 2 5 3 0 1 0 0
33 4 0 0 2 1 0 1 0 0
35 5 0 0 3 1 0 1 0 0
fl=/build/glibc-bfm8X4/glibc-2.23/elf/../elf/dl-runtime.c
fn=_dl_fixup
66 24 8 2 0 0 0 8 0 0
68 8 0 0 8 0 0 0 0 0
69 16 8 2 16 15 2 0 0 0
71 32 0 0 8 8 1 0 0 0
72 8 0 0 8 8 1 0 0 0
73 56 0 0 16 15 2 8 1 0
74 24 0 0 16 5 1 0 0 0
79 16 8 2 0 0 0 0 0 0
83 16 0 0 8 7 3 0 0 0
87 24 0 0 8 7 1 0 0 0
91 8 0 0 8 8 1 0 0 0
92 40 0 0 16 16 2 0 0 0
94 32 8 2 8 7 1 0 0 0
100 8 0 0 0 0 0 0 0 0
101 24 0 0 8 8 1 0 0 0
111 80 14 2 16 11 1 24 2 0
115 40 0 0 24 3 0 0 0 0
125 48 0 0 16 5 0 0 0 0
133 8 0 0 8 0 0 0 0 0
141 32 0 0 8 4 0 0 0 0
145 24 8 2 8 7 0 0 0 0
149 24 0 0 16 0 0 0 0 0
fl=/build/glibc-bfm8X4/glibc-2.23/elf/../elf/dl-sysdep.c
fn=_dl_sysdep_start
86 8 1 1 0 0 0 6 0 0
110 1 0 0 0 0 0 1 0 0
111 164 1 1 53 8 7 4 3 3
114 2 0 0 0 0 0 1 1 1
115 1 0 0 0 0 0 1 0 0
117 132 6 6 34 6 6 17 0 0
118 107 0 0 18 2 2 0 0 0
121 1 0 0 1 0 0 0 0 0
122 1 0 0 0 0 0 0 0 0
124 1 1 1 1 0 0 0 0 0
125 1 0 0 0 0 0 0 0 0
127 1 1 1 1 0 0 0 0 0
128 2 0 0 0 0 0 0 0 0
130 1 0 0 1 0 0 0 0 0
131 2 0 0 0 0 0 0 0 0
151 1 1 1 1 0 0 0 0 0
152 2 0 0 0 0 0 0 0 0
154 1 0 0 1 0 0 0 0 0
155 2 0 0 0 0 0 0 0 0
157 2 1 1 1 0 0 1 0 0
158 2 0 0 0 0 0 0 0 0
163 2 0 0 1 0 0 1 0 0
164 2 0 0 0 0 0 1 0 0
179 2 0 0 1 0 0 1 0 0
180 2 0 0 0 0 0 1 0 0
231 2 0 0 0 0 0 0 0 0
232 2 0 0 0 0 0 2 1 0
234 5 1 1 0 0 0 1 0 0
246 3 0 0 1 0 0 0 0 0
249 5 0 0 1 0 0 1 0 0
250 1 1 0 1 1 1 0 0 0
251 8 1 0 7 1 0 0 0 0
fn=_dl_sysdep_start_cleanup
256 1 1 0 1 0 0 0 0 0
fl=/build/glibc-bfm8X4/glibc-2.23/elf/../misc/sbrk.c
fn=sbrk
34 4 1 1 0 0 0 2 0 0
42 6 0 0 2 1 1 0 0 0
46 2 0 0 0 0 0 0 0 0
62 5 1 1 3 0 0 0 0 0
fl=/build/glibc-bfm8X4/glibc-2.23/elf/../string/bits/string2.h
fn=handle_ld_preload
961 189 1 1 47 1 0 0 0 0
962 145 0 0 0 0 0 0 0 0
963 93 0 0 0 0 0 0 0 0
fl=/build/glibc-bfm8X4/glibc-2.23/elf/../sysdeps/posix/dl-fileid.h
fn=_dl_map_object_from_fd
37 12 2 1 0 0 0 2 0 0
40 2 0 0 2 0 0 0 0 0
41 4 0 0 2 0 0 2 1 0
49 12 2 1 6 5 1 0 0 0
fl=/build/glibc-bfm8X4/glibc-2.23/elf/../sysdeps/unix/sysv/linux/dl-osinfo.h
fn=dl_main
77 1 0 0 1 0 0 0 0 0
fl=/build/glibc-bfm8X4/glibc-2.23/elf/../sysdeps/unix/sysv/linux/dl-sysdep.c
fn=_dl_discover_osversion
45 7 2 2 0 0 0 6 1 0
47 3 0 0 1 0 0 0 0 0
87 5 1 1 0 0 0 1 1 1
102 1 0 0 0 0 0 0 0 0
106 1 0 0 0 0 0 0 0 0
107 1 0 0 0 0 0 0 0 0
109 12 0 0 3 1 1 0 0 0
111 6 1 1 0 0 0 0 0 0
113 12 0 0 3 0 0 0 0 0
119 3 0 0 0 0 0 0 0 0
120 3 0 0 0 0 0 0 0 0
121 3 0 0 0 0 0 0 0 0
123 13 0 0 0 0 0 0 0 0
128 2 1 1 0 0 0 0 0 0
132 8 1 1 7 0 0 0 0 0
fn=_dl_sysdep_start
35 2 0 0 0 0 0 1 1 1
fl=/build/glibc-bfm8X4/glibc-2.23/elf/../sysdeps/unix/sysv/linux/dl-vdso.c
fn=_dl_vdso_vsym
27 10 4 2 10 6 2 0 0 0
28 10 3 2 5 3 0 0 0 0
31 10 0 0 0 0 0 0 0 0
fl=/build/glibc-bfm8X4/glibc-2.23/elf/../sysdeps/unix/sysv/linux/x86_64/brk.c
fn=brk
31 7 2 2 0 0 0 1 1 1
33 2 0 0 0 0 0 0 0 0
39 1 0 0 0 0 0 0 0 0
40 1 0 0 1 0 0 0 0 0
fl=/build/glibc-bfm8X4/glibc-2.23/elf/../sysdeps/x86/cpu-features.c
fn=_dl_sysdep_start
29 5 1 1 0 0 0 3 0 0
32 1 0 0 0 0 0 1 0 0
33 3 0 0 0 0 0 0 0 0
34 3 0 0 0 0 0 0 0 0
35 3 0 0 0 0 0 0 0 0
36 2 1 1 0 0 0 0 0 0
41 2 0 0 0 0 0 0 0 0
61 3 1 1 0 0 0 1 0 0
64 10 0 0 0 0 0 0 0 0
68 3 1 1 0 0 0 0 0 0
73 3 0 0 0 0 0 0 0 0
76 1 0 0 0 0 0 0 0 0
77 8 1 1 1 1 1 0 0 0
112 2 1 1 1 0 0 0 0 0
134 2 1 1 1 1 1 0 0 0
175 3 1 1 1 0 0 0 0 0
176 1 0 0 1 0 0 0 0 0
179 2 0 0 0 0 0 0 0 0
180 1 1 1 1 0 0 0 0 0
182 2 0 0 1 0 0 0 0 0
183 7 0 0 0 0 0 4 0 0
190 3 0 0 1 0 0 0 0 0
194 2 0 0 0 0 0 0 0 0
196 4 1 1 0 0 0 0 0 0
200 2 1 1 0 0 0 0 0 0
201 1 0 0 1 0 0 0 0 0
207 3 0 0 1 0 0 0 0 0
209 1 1 1 1 0 0 0 0 0
212 3 0 0 0 0 0 0 0 0
228 2 0 0 0 0 0 0 0 0
229 1 0 0 1 0 0 0 0 0
231 2 0 0 1 0 0 0 0 0
247 4 1 1 0 0 0 0 0 0
248 4 1 1 0 0 0 0 0 0
251 2 1 1 0 0 0 1 0 0
252 2 0 0 1 0 0 0 0 0
258 1 0 0 0 0 0 1 0 0
259 1 0 0 0 0 0 1 0 0
260 1 0 0 0 0 0 1 0 0
fl=/build/glibc-bfm8X4/glibc-2.23/elf/../sysdeps/x86_64/dl-irel.h
fn=_dl_fixup
32 2 1 1 0 0 0 1 0 0
fl=/build/glibc-bfm8X4/glibc-2.23/elf/../sysdeps/x86_64/dl-machine.h
fn=_dl_fixup
235 8 0 0 0 0 0 8 8 0
fn=_dl_relocate_object
76 24 0 0 4 0 0 0 0 0
82 6 0 0 6 3 0 0 0 0
86 9 0 0 3 3 2 0 0 0
92 3 3 1 0 0 0 3 0 0
100 9 0 0 3 0 0 0 0 0
102 3 0 0 3 3 0 0 0 0
120 6 0 0 0 0 0 0 0 0
123 15 3 1 0 0 0 3 0 0
129 15 0 0 4 4 0 0 0 0
269 194 0 0 0 0 0 0 0 0
290 194 0 0 0 0 0 0 0 0
294 194 0 0 0 0 0 0 0 0
301 4174 257 15 982 349 77 734 94 0
303 431 0 0 182 21 0 0 0 0
306 364 74 1 91 16 0 0 0 0
312 582 2 0 97 94 3 0 0 0
407 42 1 1 14 0 0 0 0 0
411 70 0 0 14 2 0 0 0 0
425 70 0 0 28 2 1 14 14 7
435 249 3 1 83 74 9 83 70 6
447 9 0 0 0 0 0 3 0 0
512 3576 0 0 1192 339 298 0 0 0
517 2384 0 0 0 0 0 0 0 0
518 3576 0 0 1192 150 150 1192 278 222
528 38 0 0 23 0 0 0 0 0
532 30 0 0 0 0 0 0 0 0
534 45 0 0 15 3 0 0 0 0
535 15 0 0 15 5 2 0 0 0
554 24 0 0 16 0 0 8 0 0
555 8 0 0 0 0 0 8 0 0
fn=_dl_start
59 3 0 0 1 1 1 0 0 0
266 6 0 0 0 0 0 0 0 0
294 12 0 0 0 0 0 0 0 0
303 24 0 0 12 5 2 0 0 0
306 24 0 0 6 4 4 0 0 0
312 37 0 0 6 4 1 0 0 0
425 12 1 1 6 2 0 6 5 1
517 20 0 0 10 1 1 0 0 0
518 30 1 1 10 2 2 10 2 2
fn=_dl_sysdep_start
223 5 1 0 2 1 1 0 0 0
fl=/build/glibc-bfm8X4/glibc-2.23/elf/../sysdeps/x86_64/dl-trampoline.h
fn=_dl_runtime_resolve_avx
64 8 8 2 0 0 0 8 0 0
67 8 0 0 0 0 0 0 0 0
69 8 0 0 0 0 0 0 0 0
71 8 0 0 0 0 0 0 0 0
74 8 8 2 0 0 0 8 3 0
75 8 0 0 0 0 0 8 0 0
76 8 0 0 0 0 0 8 0 0
77 8 0 0 0 0 0 8 0 0
78 8 0 0 0 0 0 8 0 0
79 8 0 0 0 0 0 8 0 0
80 8 0 0 0 0 0 8 0 0
81 8 0 0 0 0 0 8 5 2
82 8 6 1 0 0 0 8 1 0
83 8 0 0 0 0 0 8 5 1
84 8 0 0 0 0 0 8 2 0
85 8 0 0 0 0 0 8 4 1
86 8 0 0 0 0 0 8 1 0
87 8 0 0 0 0 0 8 4 1
88 8 0 0 0 0 0 8 1 0
93 8 0 0 0 0 0 0 0 0
94 8 7 1 0 0 0 0 0 0
95 8 0 0 0 0 0 0 0 0
96 8 0 0 0 0 0 0 0 0
110 8 0 0 8 0 0 0 0 0
111 8 0 0 8 0 0 0 0 0
112 8 0 0 0 0 0 8 5 2
113 8 8 1 0 0 0 0 0 0
118 8 0 0 0 0 0 0 0 0
119 8 0 0 0 0 0 0 0 0
120 8 8 2 0 0 0 0 0 0
121 8 0 0 0 0 0 0 0 0
134 8 0 0 8 7 0 0 0 0
135 8 0 0 8 0 0 0 0 0
136 8 0 0 8 0 0 0 0 0
137 8 0 0 8 3 0 0 0 0
138 8 0 0 8 0 0 0 0 0
139 8 0 0 8 0 0 0 0 0
140 8 8 2 8 0 0 0 0 0
141 8 0 0 8 5 0 0 0 0
142 8 0 0 8 0 0 0 0 0
143 8 0 0 8 5 0 0 0 0
144 8 0 0 8 3 0 0 0 0
145 8 0 0 8 5 0 0 0 0
146 8 0 0 8 3 0 0 0 0
147 8 0 0 8 5 0 0 0 0
148 8 0 0 8 3 0 0 0 0
150 8 0 0 0 0 0 0 0 0
152 8 8 2 8 4 0 0 0 0
156 8 0 0 0 0 0 0 0 0
159 8 0 0 0 0 0 0 0 0
fl=/build/glibc-bfm8X4/glibc-2.23/elf/./dl-load.h
fn=_dl_map_object_from_fd
90 8 0 0 0 0 0 0 0 0
91 6 0 0 4 0 0 2 0 0
93 8 2 1 4 4 0 0 0 0
94 5 1 1 3 2 0 0 0 0
95 11 1 1 3 0 0 0 0 0
98 4 0 0 0 0 0 1 1 0
fl=/build/glibc-bfm8X4/glibc-2.23/elf/./dl-map-segments.h
fn=_dl_map_object_from_fd
56 22 4 2 8 4 0 6 1 1
60 6 0 0 2 0 0 0 0 0
63 6 2 1 2 0 0 2 0 0
64 4 0 0 0 0 0 2 1 0
66 4 0 0 2 0 0 0 0 0
72 14 0 0 4 0 0 2 0 0
73 8 4 2 4 0 0 0 0 0
76 4 0 0 4 1 0 0 0 0
86 20 0 0 4 1 0 0 0 0
88 8 0 0 4 0 0 0 0 0
90 28 2 1 10 0 0 4 0 0
100 16 0 0 8 2 0 0 0 0
106 4 0 0 2 0 0 0 0 0
107 2 0 0 0 0 0 0 0 0
108 10 0 0 2 1 0 0 0 0
109 4 0 0 0 0 0 0 0 0
116 4 0 0 0 0 0 0 0 0
119 4 4 2 0 0 0 0 0 0
127 24 2 1 6 2 0 8 2 0
133 4 4 0 0 0 0 0 0 0
137 9 1 1 0 0 0 2 0 0
140 3 1 1 1 0 0 0 0 0
145 4 2 1 0 0 0 0 0 0
fl=/build/glibc-bfm8X4/glibc-2.23/elf/dl-addr.c
fn=_dl_addr
30 2 0 0 1 0 0 1 1 0
31 2 0 0 1 0 0 1 0 0
34 2 0 0 1 1 0 0 0 0
38 1 1 1 1 1 0 0 0 0
39 1 0 0 1 0 0 0 0 0
40 3 0 0 2 0 0 1 1 0
42 2 0 0 2 1 0 0 0 0
45 2 0 0 1 1 0 0 0 0
50 2030 0 0 2 1 0 0 0 0
52 1011 1 1 1011 190 21 0 0 0
53 2022 0 0 0 0 0 0 0 0
55 3628 0 0 907 111 0 0 0 0
61 11175 1 1 2235 616 440 0 0 0
63 8940 0 0 2235 0 0 0 0 0
64 16328 0 0 5110 541 324 0 0 0
69 2235 0 0 0 0 0 0 0 0
71 9044 1 1 2235 337 83 0 0 0
99 3 1 1 1 1 0 0 0 0
100 1 0 0 0 0 0 1 1 0
101 3 0 0 1 1 0 0 0 0
104 2 0 0 0 0 0 0 0 0
116 1 1 1 0 0 0 1 0 0
117 1 0 0 0 0 0 1 0 0
126 11 1 1 0 0 0 8 2 0
131 3 1 1 2 2 0 1 0 0
133 2 0 0 0 0 0 1 0 0
135 2 1 0 0 0 0 0 0 0
138 2 0 0 0 0 0 0 0 0
141 2 1 1 1 1 0 1 0 0
144 9 0 0 7 1 0 0 0 0
fl=/build/glibc-bfm8X4/glibc-2.23/elf/dl-altinit.c
fn=dlinit_alt
33 3 1 1 2 0 0 0 0 0
34 1 0 0 1 0 0 0 0 0
fl=/build/glibc-bfm8X4/glibc-2.23/elf/dl-cache.c
fn=_dl_cache_libcmp
138 33 1 1 22 10 10 0 0 0
139 108 0 0 0 0 0 0 0 0
141 159 0 0 0 0 0 0 0 0
143 55 0 0 0 0 0 0 0 0
149 2 1 1 0 0 0 0 0 0
150 2 0 0 0 0 0 0 0 0
151 5 0 0 1 0 0 0 0 0
153 5 1 1 1 0 0 0 0 0
155 2 0 0 0 0 0 0 0 0
161 104 1 1 0 0 0 0 0 0
163 188 0 0 84 2 2 0 0 0
164 20 0 0 10 0 0 0 0 0
167 42 0 0 0 0 0 0 0 0
168 42 0 0 0 0 0 0 0 0
171 3 0 0 1 0 0 0 0 0
fn=_dl_load_cache_lookup
185 9 1 1 0 0 0 6 0 0
193 2 0 0 1 1 0 0 0 0
196 3 0 0 1 1 0 0 0 0
199 5 2 2 0 0 0 1 0 0
207 5 0 0 1 0 0 0 0 0
208 6 1 1 0 0 0 1 0 0
212 1 0 0 0 0 0 1 0 0
215 4 0 0 1 0 0 0 0 0
218 2 0 0 0 0 0 1 0 0
219 3 0 0 0 0 0 0 0 0
220 6 1 1 0 0 0 1 0 0
247 2 1 1 0 0 0 0 0 0
256 5 0 0 0 0 0 2 0 0
262 4 0 0 0 0 0 2 0 0
266 4 1 1 2 2 0 2 0 0
281 259 8 8 47 10 9 25 0 0
297 2 0 0 1 0 0 0 0 0
301 2 0 0 1 0 0 0 0 0
309 9 2 1 1 0 0 1 0 0
310 3 0 0 0 0 0 1 0 0
311 2 1 0 0 0 0 1 0 0
312 8 1 0 7 1 0 0 0 0
fn=_dl_unload_cache
321 1 0 0 0 0 0 0 0 0
322 4 1 1 1 1 0 0 0 0
324 2 0 0 1 0 0 1 0 0
325 1 0 0 0 0 0 1 0 0
327 2 0 0 1 0 0 0 0 0
fl=/build/glibc-bfm8X4/glibc-2.23/elf/dl-debug.c
fn=_dl_debug_initialize
50 8 4 1 0 0 0 0 0 0
51 4 4 1 4 3 0 0 0 0
55 14 3 0 4 2 0 0 0 0
58 1 0 0 0 0 0 1 0 0
59 2 0 0 0 0 0 1 0 0
60 5 1 1 1 1 0 1 0 0
61 2 0 0 0 0 0 1 0 0
64 1 0 0 1 0 0 0 0 0
fn=_dl_debug_state
74 2 1 0 2 0 0 0 0 0
fl=/build/glibc-bfm8X4/glibc-2.23/elf/dl-deps.c
fn=_dl_map_object_deps
144 4 0 0 0 0 0 2 1 1
145 2 1 1 0 0 0 2 0 0
146 7 0 0 0 0 0 2 1 0
152 9 0 0 2 2 0 3 1 0
160 11 0 0 0 0 0 9 3 0
161 9 2 2 0 0 0 0 0 0
178 14 1 1 1 0 0 1 0 0
179 2 0 0 1 0 0 0 0 0
182 3 1 1 0 0 0 2 0 0
188 2 0 0 0 0 0 2 0 0
189 1 0 0 0 0 0 1 0 0
201 2 0 0 1 0 0 1 0 0
202 2 1 1 0 0 0 1 0 0
203 1 0 0 0 0 0 1 0 0
204 2 0 0 0 0 0 2 0 0
209 6 4 2 0 0 0 5 0 0
210 4 0 0 0 0 0 0 0 0
213 4 0 0 0 0 0 4 0 0
217 8 2 0 4 3 0 0 0 0
218 25 5 2 11 5 1 0 0 0
220 2 0 0 0 0 0 0 0 0
222 8 0 0 4 1 0 2 0 0
224 30 1 1 2 0 0 6 0 0
229 16 0 0 8 6 0 0 0 0
231 6 0 0 4 3 0 2 0 0
236 2 0 0 0 0 0 2 1 0
237 2 0 0 0 0 0 2 1 0
238 4 0 0 2 0 0 2 0 0
239 4 1 1 2 0 0 2 0 0
242 208 2 0 54 16 0 0 0 0
243 96 1 1 0 0 0 0 0 0
249 14 1 0 4 1 0 2 1 1
251 2 0 0 0 0 0 2 0 0
254 12 1 1 8 1 0 2 0 0
256 6 2 0 2 0 0 0 0 0
271 2 0 0 2 0 0 0 0 0
273 4 0 0 2 1 0 0 0 0
278 6 2 1 0 0 0 0 0 0
281 2 0 0 0 0 0 2 2 0
282 2 0 0 0 0 0 2 0 0
283 2 0 0 0 0 0 2 0 0
284 4 0 0 2 0 0 2 2 0
286 2 0 0 2 2 0 0 0 0
288 12 2 1 2 1 0 4 0 0
292 6 2 0 2 0 0 0 0 0
293 3 0 0 0 0 0 1 0 0
295 138 0 0 0 0 0 0 0 0
317 9 1 1 0 0 0 4 0 0
338 6 2 1 0 0 0 3 0 0
459 12 2 1 4 1 0 0 0 0
461 6 0 0 0 0 0 2 0 0
463 8 2 1 0 0 0 2 0 0
465 4 0 0 0 0 0 0 0 0
468 2 0 0 0 0 0 2 1 0
469 10 0 0 2 0 0 2 0 0
470 10 1 0 0 0 0 2 0 0
473 2 0 0 0 0 0 2 2 0
474 2 0 0 2 2 0 0 0 0
478 22 1 1 11 5 0 0 0 0
480 4 3 1 4 0 0 0 0 0
481 18 0 0 4 1 0 0 0 0
485 6 1 1 2 1 0 0 0 0
486 1 0 0 0 0 0 1 0 0
489 5 1 1 2 1 0 1 0 0
499 5 0 0 1 0 0 1 0 0
502 2 2 1 0 0 0 0 0 0
507 9 0 0 3 0 0 1 0 0
508 6 0 0 4 0 0 1 1 0
510 12 0 0 4 2 0 0 0 0
516 12 1 1 0 0 0 4 1 1
520 12 0 0 12 4 0 0 0 0
523 3 0 0 1 1 0 1 0 0
574 3 1 1 2 0 0 0 0 0
575 1 0 0 0 0 0 1 0 0
576 3 0 0 1 0 0 0 0 0
611 8 1 1 1 0 0 2 0 0
613 2 1 0 0 0 0 0 0 0
614 1 0 0 0 0 0 1 0 0
617 11 1 1 0 0 0 1 0 0
618 5 1 1 0 0 0 0 0 0
619 5 0 0 1 0 0 1 0 0
623 12 1 1 3 0 0 6 0 0
624 6 0 0 3 0 0 0 0 0
630 17 1 1 3 0 0 0 0 0
632 12 0 0 6 2 0 0 0 0
633 7 0 0 0 0 0 0 0 0
635 9 0 0 3 0 0 0 0 0
636 6 1 1 0 0 0 0 0 0
655 2 1 1 1 0 0 0 0 0
658 3 1 1 0 0 0 0 0 0
661 10 0 0 3 1 0 0 0 0
664 28 1 1 6 0 0 6 0 0
671 2 1 1 1 0 0 1 0 0
673 2 0 0 1 0 0 1 0 0
674 1 0 0 1 0 0 0 0 0
675 3 0 0 1 0 0 0 0 0
682 3 1 1 1 0 0 0 0 0
685 3 0 0 1 0 0 0 0 0
688 8 0 0 7 1 0 0 0 0
fn=openaux
60 4 2 1 0 0 0 2 0 0
63 24 4 1 10 3 0 4 2 0
67 2 0 0 2 0 0 0 0 0
68 4 0 0 4 1 0 0 0 0
fl=/build/glibc-bfm8X4/glibc-2.23/elf/dl-environ.c
fn=_dl_next_ld_env_entry
30 3 1 1 3 1 0 0 0 0
31 1 1 1 0 0 0 0 0 0
33 157 0 0 52 3 0 0 0 0
35 102 0 0 51 24 24 0 0 0
36 18 0 0 9 0 0 0 0 0
38 2 0 0 0 0 0 0 0 0
41 4 0 0 0 0 0 2 1 0
43 2 0 0 2 1 0 0 0 0
46 49 0 0 0 0 0 0 0 0
50 1 0 0 1 0 0 0 0 0
fl=/build/glibc-bfm8X4/glibc-2.23/elf/dl-error.c
fn=_dl_catch_error
163 12 3 1 0 0 0 9 0 0
175 6 3 1 0 0 0 6 6 4
176 6 0 0 0 0 0 6 0 0
177 6 0 0 0 0 0 6 2 2
178 6 0 0 0 0 0 3 0 0
180 3 0 0 3 1 0 3 0 0
181 6 0 0 3 3 0 3 0 0
182 9 2 1 0 0 0 6 0 0
185 18 0 0 0 0 0 3 0 0
187 9 0 0 6 1 0 3 0 0
188 9 2 0 6 0 0 3 3 0
189 6 2 1 3 0 0 3 2 0
190 6 0 0 3 2 0 3 0 0
191 6 0 0 3 0 0 3 0 0
199 12 0 0 6 2 0 0 0 0
fn=_dl_receive_error
205 10 1 1 0 0 0 6 0 0
206 2 0 0 1 0 0 1 0 0
210 1 0 0 1 0 0 0 0 0
211 1 0 0 1 1 0 0 0 0
214 1 0 0 0 0 0 1 0 0
215 1 0 0 0 0 0 1 0 0
217 2 0 0 0 0 0 1 0 0
219 1 1 1 0 0 0 1 1 0
220 1 0 0 0 0 0 1 1 0
221 8 0 0 7 1 0 0 0 0
fl=/build/glibc-bfm8X4/glibc-2.23/elf/dl-hwcaps.c
fn=_dl_important_hwcaps
39 12 1 1 0 0 0 10 2 2
41 1 0 0 1 1 0 0 0 0
42 3 0 0 0 0 0 0 0 0
51 3 0 0 1 1 0 0 0 0
61 4 1 1 1 0 0 1 0 0
113 1 1 1 0 0 0 0 0 0
115 5 1 1 0 0 0 1 0 0
130 10 1 1 0 0 0 1 0 0
131 1 0 0 0 0 0 0 0 0
162 2 1 1 0 0 0 0 0 0
170 3 1 1 1 0 0 0 0 0
172 2 0 0 1 0 0 1 0 0
173 5 0 0 1 0 0 1 0 0
177 3 1 1 1 0 0 1 0 0
178 1 0 0 0 0 0 1 0 0
181 2 0 0 0 0 0 0 0 0
184 2 0 0 0 0 0 0 0 0
185 1 0 0 1 0 0 0 0 0
188 12 1 1 2 0 0 2 0 0
189 2 0 0 0 0 0 0 0 0
207 11 1 1 2 0 0 5 1 0
208 6 0 0 0 0 0 3 2 1
209 6 1 1 4 0 0 0 0 0
238 3 0 0 0 0 0 2 1 1
241 2 0 0 0 0 0 0 0 0
243 10 0 0 3 0 0 4 0 0
244 20 1 1 5 0 0 5 0 0
264 7 2 2 2 0 0 0 0 0
269 10 0 0 2 0 0 0 0 0
270 8 0 0 0 0 0 4 0 0
274 11 1 1 0 0 0 0 0 0
277 26 0 0 0 0 0 0 0 0
278 24 0 0 0 0 0 0 0 0
279 12 0 0 8 0 0 0 0 0
281 4 1 1 0 0 0 0 0 0
284 3 0 0 1 0 0 0 0 0
285 2 0 0 1 0 0 0 0 0
286 12 2 2 3 0 0 0 0 0
299 6 0 0 2 0 0 2 0 0
300 2 0 0 0 0 0 0 0 0
302 4 0 0 0 0 0 0 0 0
305 4 0 0 3 0 0 1 1 0
307 1 0 0 0 0 0 0 0 0
308 10 1 1 7 0 0 1 0 0
fl=/build/glibc-bfm8X4/glibc-2.23/elf/dl-init.c
fn=_dl_init
30 25 2 1 5 4 0 3 0 0
80 11 1 1 0 0 0 6 0 0
81 1 0 0 1 1 0 0 0 0
82 1 0 0 1 0 0 0 0 0
85 3 0 0 1 1 0 0 0 0
88 2 0 0 0 0 0 1 0 0
93 2 0 0 0 0 0 0 0 0
94 2 1 1 1 1 0 0 0 0
104 2 1 1 0 0 0 1 0 0
119 15 1 0 0 0 0 0 0 0
120 12 0 0 8 4 0 0 0 0
126 8 0 0 7 0 0 0 0 0
fn=call_init.part.0
28 20 3 0 0 0 0 20 0 0
36 12 0 0 4 0 0 4 0 0
39 16 2 1 8 6 0 0 0 0
40 3 1 1 0 0 0 0 0 0
44 21 0 0 3 2 0 0 0 0
45 3 0 0 1 1 0 0 0 0
49 4 0 0 2 0 0 0 0 0
58 14 2 1 6 4 0 2 1 0
62 4 0 0 0 0 0 0 0 0
68 6 0 0 4 1 0 0 0 0
70 4 0 0 4 2 0 0 0 0
71 16 2 1 0 0 0 0 0 0
72 15 0 0 3 3 0 3 0 0
74 24 0 0 24 1 0 0 0 0
fl=/build/glibc-bfm8X4/glibc-2.23/elf/dl-load.c
fn=_dl_init_paths
661 9 1 1 0 0 0 6 0 0
674 6 1 1 2 0 0 2 1 0
678 1 0 0 0 0 0 1 0 0
679 2 1 0 0 0 0 1 0 0
680 3 0 0 0 0 0 0 0 0
687 6 1 1 0 0 0 0 0 0
688 4 0 0 1 0 0 2 0 0
691 1 0 0 0 0 0 1 0 0
692 2 0 0 0 0 0 1 0 0
694 2 0 0 0 0 0 0 0 0
700 1 0 0 0 0 0 1 0 0
701 1 1 1 0 0 0 1 1 0
709 3 0 0 0 0 0 3 0 0
711 8 0 0 0 0 0 4 1 1
712 4 0 0 0 0 0 4 2 2
714 9 0 0 0 0 0 4 0 0
715 13 0 0 3 1 1 4 1 1
716 12 1 1 0 0 0 3 0 0
719 6 0 0 3 1 1 0 0 0
720 32 0 0 12 0 0 8 0 0
723 35 2 2 4 0 0 6 0 0
729 1 0 0 0 0 0 1 1 1
730 1 0 0 0 0 0 1 0 0
734 1 0 0 1 1 0 0 0 0
735 2 1 1 0 0 0 0 0 0
737 4 0 0 1 1 0 0 0 0
739 3 0 0 1 1 0 0 0 0
756 1 0 0 0 0 0 1 1 0
758 3 1 1 1 0 0 0 0 0
772 2 1 1 0 0 0 1 1 0
777 5 1 1 1 1 0 0 0 0
785 5 1 1 0 0 0 1 0 0
787 11 1 0 0 0 0 2 0 0
791 58 1 1 0 0 0 0 0 0
804 57 0 0 14 0 0 0 0 0
808 14 0 0 0 0 0 0 0 0
811 1 0 0 0 0 0 1 1 0
812 1 0 0 0 0 0 1 0 0
813 2 1 1 0 0 0 0 0 0
819 9 0 0 1 0 0 2 1 0
823 5 1 0 4 2 0 0 0 0
829 1 1 1 0 0 0 1 1 0
833 8 0 0 7 1 0 0 0 0
fn=_dl_map_object
372 5 0 0 0 0 0 1 0 0
376 2 0 0 0 0 0 1 0 0
638 9 1 1 3 2 0 0 0 0
2167 27 3 1 0 0 0 24 7 6
2169 2 0 0 0 0 0 2 0 0
2175 6 3 1 0 0 0 0 0 0
2176 12 0 0 3 2 0 0 0 0
2179 42 0 0 9 2 0 0 0 0
2184 49 3 1 7 6 0 0 0 0
2186 35 0 0 0 0 0 7 1 0
2190 12 0 0 6 0 0 0 0 0
2191 18 3 1 6 6 0 0 0 0
2194 2 0 0 2 2 0 0 0 0
2196 12 0 0 4 4 0 2 0 0
2213 10 3 2 4 2 0 2 0 0
2222 6 2 1 2 1 0 0 0 0
2256 2 0 0 0 0 0 2 2 0
2258 10 0 0 0 0 0 2 0 0
2262 4 1 1 0 0 0 2 0 0
2264 2 1 1 1 0 0 0 0 0
2271 4 0 0 1 1 0 0 0 0
2275 2 1 1 1 1 0 1 1 0
2280 6 1 1 1 0 0 1 0 0
2281 1 0 0 0 0 0 0 0 0
2283 9 0 0 0 0 0 3 0 0
2295 3 1 1 2 0 0 0 0 0
2296 8 1 1 2 0 0 1 0 0
2297 1 0 0 0 0 0 0 0 0
2306 2 0 0 1 0 0 0 0 0
2307 15 1 1 1 0 0 4 0 0
2313 5 2 1 1 0 0 0 0 0
2314 1 0 0 0 0 0 0 0 0
2322 1 0 0 0 0 0 1 1 0
2336 2 1 1 0 0 0 0 0 0
2338 3 0 0 1 1 0 0 0 0
2342 3 0 0 0 0 0 2 0 0
2344 2 0 0 0 0 0 0 0 0
2348 2 0 0 0 0 0 0 0 0
2356 3 1 1 1 1 0 0 0 0
2379 11 0 0 1 0 0 2 0 0
2383 4 1 0 2 0 0 0 0 0
2384 2 1 1 0 0 0 1 1 0
2401 2 1 1 1 0 0 0 0 0
2407 1 0 0 0 0 0 1 0 0
2409 2 1 1 0 0 0 0 0 0
2410 3 0 0 0 0 0 0 0 0
2414 10 1 1 0 0 0 2 0 0
2417 4 0 0 2 1 0 0 0 0
2429 6 1 1 0 0 0 0 0 0
2431 4 0 0 0 0 0 0 0 0
2475 4 1 0 2 1 0 2 0 0
2476 30 5 1 6 0 0 10 0 0
2478 24 2 0 21 5 0 0 0 0
fn=_dl_map_object_from_fd
871 30 4 2 0 0 0 22 3 2
881 8 0 0 2 0 0 4 2 1
882 2 0 0 0 0 0 2 0 0
897 31 2 1 11 7 0 0 0 0
898 10 0 0 5 3 0 0 0 0
915 4 2 1 2 0 0 0 0 0
939 4 0 0 2 1 0 0 0 0
949 4 2 1 2 0 0 0 0 0
971 8 0 0 4 0 0 0 0 0
1003 4 0 0 0 0 0 0 0 0
1006 16 2 1 10 0 0 2 0 0
1007 4 2 0 0 0 0 0 0 0
1018 6 0 0 4 2 0 2 2 2
1019 8 0 0 4 0 0 4 0 0
1020 4 0 0 2 2 0 2 0 0
1022 8 2 1 0 0 0 0 0 0
1023 8 0 0 4 0 0 0 0 0
1024 2 0 0 0 0 0 0 0 0
1041 2 0 0 0 0 0 2 1 0
1043 20 2 1 0 0 0 4 0 0
1051 142 0 0 0 0 0 0 0 0
1052 127 4 2 17 3 1 0 0 0
1058 4 0 0 2 0 0 2 0 0
1059 6 0 0 2 1 0 2 2 0
1060 2 0 0 0 0 0 0 0 0
1063 2 1 0 1 0 0 1 0 0
1064 1 1 1 0 0 0 0 0 0
1069 20 4 2 8 3 0 0 0 0
1074 32 0 0 8 0 0 0 0 0
1082 16 0 0 0 0 0 0 0 0
1083 16 0 0 0 0 0 4 2 2
1084 20 2 1 4 0 0 4 0 0
1085 4 0 0 0 0 0 4 2 2
1086 8 0 0 4 0 0 4 0 0
1087 8 0 0 0 0 0 4 1 1
1091 8 0 0 0 0 0 0 0 0
1092 12 0 0 6 1 0 2 0 0
1096 36 1 1 4 0 0 4 0 0
1107 4 0 0 0 0 0 0 0 0
1110 3 0 0 1 1 1 0 0 0
1114 1 0 0 0 0 0 1 1 1
1115 3 0 0 2 0 0 1 0 0
1116 2 0 0 0 0 0 0 0 0
1119 3 1 1 0 0 0 1 1 1
1120 2 0 0 1 0 0 1 0 0
1123 1 0 0 0 0 0 1 0 0
1127 4 0 0 1 0 0 0 0 0
1133 3 0 0 1 0 0 2 0 0
1134 1 1 0 0 0 0 0 0 0
1138 16 2 1 2 1 0 6 0 0
1146 4 0 0 0 0 0 2 0 0
1189 4 1 1 2 0 0 2 1 0
1190 2 0 0 0 0 0 0 0 0
1193 4 0 0 2 0 0 2 1 0
1194 6 0 0 4 1 0 2 0 0
1195 2 0 0 0 0 0 0 0 0
1198 6 2 1 2 1 0 0 0 0
1207 4 0 0 0 0 0 0 0 0
1217 18 0 0 8 2 0 2 0 0
1229 8 2 1 4 2 0 0 0 0
1233 2 2 2 1 0 0 0 0 0
1238 6 2 1 2 0 0 2 0 0
1245 4 0 0 0 0 0 0 0 0
1260 6 2 1 2 1 0 0 0 0
1279 4 0 0 2 0 0 2 0 0
1281 10 2 1 4 3 0 0 0 0
1335 6 0 0 2 2 1 0 0 0
1336 2 0 0 1 0 0 1 0 0
1339 8 0 0 2 2 0 2 1 0
1348 4 0 0 2 0 0 0 0 0
1350 8 2 1 4 1 0 2 0 0
1352 4 0 0 2 1 0 0 0 0
1368 4 0 0 0 0 0 2 0 0
1372 4 0 0 2 1 0 0 0 0
1373 4 0 0 2 0 0 0 0 0
1390 4 2 1 2 0 0 0 0 0
1391 2 0 0 0 0 0 1 1 0
1394 6 2 1 2 0 0 4 2 0
1399 4 0 0 2 1 0 0 0 0
1409 4 0 0 2 2 0 0 0 0
1419 6 0 0 2 2 0 2 0 0
1423 8 0 0 2 2 0 0 0 0
1443 16 2 0 14 3 0 0 0 0
fn=fillin_rpath
372 5 1 1 0 0 0 1 0 0
376 3 0 0 0 0 0 1 0 0
433 17 1 1 0 0 0 12 1 0
435 1 1 1 0 0 0 0 0 0
438 9 1 0 0 0 0 2 0 0
444 3 0 0 0 0 0 1 0 0
448 2 0 0 0 0 0 0 0 0
455 8 3 3 1 0 0 0 0 0
460 3 0 0 0 0 0 1 0 0
463 3 1 1 1 0 0 0 0 0
470 15 1 1 5 0 0 0 0 0
471 8 0 0 4 3 0 0 0 0
489 4 2 2 1 0 0 1 0 0
492 5 0 0 1 1 0 2 0 0
493 2 1 1 1 1 0 0 0 0
495 3 1 0 1 0 0 0 0 0
499 1 0 0 0 0 0 1 1 1
500 1 0 0 0 0 0 0 0 0
501 4 1 1 0 0 0 2 0 0
502 1 0 0 0 0 0 1 0 0
504 2 0 0 1 1 0 0 0 0
510 4 0 0 1 0 0 0 0 0
511 18 2 2 1 1 0 0 0 0
512 11 1 1 0 0 0 4 0 0
514 2 1 1 1 1 0 1 0 0
515 3 0 0 1 0 0 0 0 0
520 2 0 0 0 0 0 1 0 0
522 3 0 0 1 0 0 1 0 0
523 1 0 0 0 0 0 1 0 0
526 2 1 1 0 0 0 1 0 0
528 4 0 0 2 0 0 1 0 0
532 1 0 0 0 0 0 1 0 0
535 9 0 0 7 0 0 0 0 0
fn=open_path
2018 8 1 1 0 0 0 6 1 1
2019 2 0 0 1 0 0 1 1 1
2022 1 1 1 0 0 0 1 0 0
2023 1 0 0 0 0 0 1 0 0
2025 2 0 0 0 0 0 0 0 0
2030 17 1 1 2 1 0 7 2 2
2033 1 0 0 1 1 0 0 0 0
2042 2 0 0 1 1 0 0 0 0
2049 5 0 0 2 1 0 2 1 1
2050 21 1 1 1 0 0 0 0 0
2053 8 1 1 4 0 0 0 0 0
2056 8 0 0 0 0 0 0 0 0
2057 32 1 1 20 8 0 8 0 0
2058 16 0 0 4 0 0 0 0 0
2063 8 1 1 4 1 0 0 0 0
2064 3 1 1 0 0 0 0 0 0
2066 40 0 0 20 0 0 8 0 0
2068 20 0 0 12 0 0 0 0 0
2070 8 0 0 0 0 0 0 0 0
2075 8 1 1 4 0 0 0 0 0
2076 36 0 0 16 2 0 0 0 0
2082 14 1 1 4 0 0 5 0 0
2084 24 0 0 4 0 0 4 0 0
2085 2 0 0 1 0 0 0 0 0
2087 17 1 1 0 0 0 4 0 0
2094 12 0 0 4 4 0 0 0 0
2104 4 1 1 1 0 0 1 0 0
2132 1 0 0 0 0 0 0 0 0
2135 7 2 2 1 0 0 0 0 0
2140 1 0 0 1 0 0 0 0 0
2142 4 0 0 3 1 0 0 0 0
2145 3 0 0 1 0 0 0 0 0
2159 8 0 0 7 0 0 0 0 0
fn=open_verify.constprop.7
1695 84 3 1 6 0 0 54 6 3
1734 28 2 0 6 5 0 0 0 0
1765 30 1 1 0 0 0 12 4 0
1767 14 0 0 0 0 0 0 0 0
1777 2 2 1 0 0 0 2 1 0
1778 4 0 0 0 0 0 2 2 2
1783 16 0 0 4 0 0 4 0 0
1785 4 0 0 0 0 0 0 0 0
1787 6 2 1 2 0 0 2 0 0
1789 4 0 0 0 0 0 0 0 0
1795 4 0 0 0 0 0 0 0 0
1804 2 1 1 1 0 0 0 0 0
1811 36 4 3 5 0 0 5 0 0
1885 4 0 0 2 0 0 0 0 0
1890 4 0 0 2 0 0 0 0 0
1892 8 0 0 2 0 0 0 0 0
1898 4 2 1 0 0 0 0 0 0
1909 4 0 0 2 0 0 0 0 0
1915 12 0 0 2 2 2 0 0 0
1916 8 0 0 2 0 0 0 0 0
1917 6 2 1 2 0 0 2 0 0
1937 108 1 1 14 0 0 0 0 0
1939 36 2 1 17 10 10 0 0 0
1943 8 0 0 4 0 0 0 0 0
1944 6 0 0 2 0 0 0 0 0
1953 18 2 1 0 0 0 3 0 0
1956 14 0 0 4 0 0 0 0 0
1960 6 0 0 0 0 0 0 0 0
1965 1 0 0 0 0 0 0 0 0
1966 1 0 0 0 0 0 0 0 0
1969 2 1 0 0 0 0 0 0 0
1972 7 0 0 3 0 0 0 0 0
1975 3 0 0 1 0 0 0 0 0
1976 5 0 0 1 0 0 0 0 0
1981 4 0 0 0 0 0 0 0 0
2004 48 3 2 42 0 0 0 0 0
fl=/build/glibc-bfm8X4/glibc-2.23/elf/dl-lookup.c
fn=_dl_lookup_symbol_x
568 5472 13 2 1280 107 81 88 2 0
569 4768 0 0 0 0 0 0 0 0
806 1320 23 4 88 1 0 792 70 3
808 176 0 0 0 0 0 88 75 0
809 176 0 0 0 0 0 176 0 0
812 88 0 0 88 86 1 0 0 0
816 338 0 0 81 2 0 0 0 0
820 616 12 2 176 0 0 264 10 0
821 176 0 0 0 0 0 0 0 0
823 176 16 2 176 82 0 0 0 0
827 294 0 0 6 2 0 0 0 0
829 1232 12 2 616 136 0 616 99 2
832 264 82 0 0 0 0 0 0 0
835 6 0 0 0 0 0 0 0 0
858 176 0 0 88 6 0 0 0 0
860 42 3 1 12 5 0 0 0 0
876 6 0 0 0 0 0 6 1 0
877 12 0 0 0 0 0 0 0 0
880 82 0 0 82 14 0 0 0 0
881 574 82 2 164 22 0 0 0 0
912 82 0 0 0 0 0 0 0 0
921 410 0 0 82 5 0 0 0 0
935 246 0 0 82 82 1 0 0 0
936 2 1 1 0 0 0 1 0 0
938 328 17 2 164 82 0 0 0 0
943 82 0 0 0 0 0 82 3 0
945 704 1 0 616 171 0 0 0 0
fn=_dl_setup_hash
956 12 4 1 4 1 0 0 0 0
960 4 0 0 4 1 0 0 0 0
964 8 0 0 4 4 4 4 2 0
965 4 0 0 4 0 0 0 0 0
966 4 0 0 4 1 1 0 0 0
968 12 0 0 0 0 0 0 0 0
969 4 0 0 0 0 0 4 0 0
970 12 4 1 4 0 0 4 0 0
972 4 0 0 0 0 0 4 1 0
973 8 0 0 0 0 0 0 0 0
975 4 0 0 0 0 0 4 0 0
977 12 0 0 0 0 0 4 0 0
978 4 0 0 4 0 0 0 0 0
fn=check_match
92 656 10 1 164 67 9 328 5 2
95 574 9 1 164 9 7 0 0 0
107 492 0 0 82 0 0 82 82 2
110 436 18 1 36 1 0 18 0 0
114 82 0 0 82 15 0 0 0 0
115 164 64 1 0 0 0 0 0 0
117 162 0 0 0 0 0 0 0 0
136 162 0 0 162 73 5 0 0 0
137 648 81 2 243 103 1 0 0 0
138 486 81 2 162 0 0 81 9 0
165 2 1 0 0 0 0 0 0 0
167 6 0 0 2 1 0 0 0 0
168 4 1 1 0 0 0 0 0 0
176 82 0 0 0 0 0 0 0 0
183 492 0 0 410 1 0 0 0 0
fn=do_lookup_x
311 194 0 0 0 0 0 0 0 0
355 1056 167 4 88 1 0 880 135 7
356 88 0 0 88 88 1 0 0 0
362 88 0 0 88 84 0 0 0 0
366 552 12 0 552 296 5 0 0 0
369 552 114 2 0 0 0 0 0 0
373 992 0 0 88 0 0 176 83 0
377 552 0 0 276 266 2 0 0 0
381 552 0 0 276 265 1 0 0 0
387 828 0 0 276 173 2 0 0 0
391 276 82 2 0 0 0 276 24 0
392 276 0 0 0 0 0 276 0 0
395 828 0 0 552 491 4 276 5 0
396 828 0 0 552 41 0 276 3 0
399 276 0 0 276 4 0 0 0 0
400 552 0 0 0 0 0 0 0 0
402 828 80 1 828 271 35 0 0 0
403 352 84 2 0 0 0 88 0 0
410 3564 0 0 916 11 0 176 0 0
413 516 164 4 258 86 45 0 0 0
415 172 0 0 0 0 0 0 0 0
417 1118 12 2 344 3 0 430 153 0
420 835 0 0 167 90 59 0 0 0
422 328 82 2 82 5 0 0 0 0
423 1230 82 2 574 4 0 492 35 0
427 246 2 0 0 0 0 0 0 0
430 255 0 0 0 0 0 0 0 0
439 738 93 4 410 28 0 0 0 0
461 8 4 1 4 0 0 0 0 0
469 164 82 2 82 1 0 0 0 0
519 608 0 0 82 24 0 0 0 0
523 36 2 1 12 12 1 0 0 0
535 164 13 1 82 8 0 82 81 0
536 82 0 0 0 0 0 82 0 0
537 164 0 0 0 0 0 0 0 0
553 1396 86 2 530 273 0 0 0 0
554 145 0 0 0 0 0 29 0 0
555 28 8 2 20 1 0 0 0 0
557 582 0 0 0 0 0 0 0 0
560 6 0 0 0 0 0 0 0 0
561 704 18 2 616 83 0 0 0 0
fl=/build/glibc-bfm8X4/glibc-2.23/elf/dl-minimal.c
fn=__libc_memalign
52 66 16 1 0 0 0 44 1 0
53 87 0 0 43 17 0 0 0 0
58 5 0 0 0 0 0 1 0 0
59 2 1 1 1 1 0 0 0 0
64 88 0 0 0 0 0 22 0 0
67 142 13 1 0 0 0 0 0 0
71 12 1 0 3 2 0 0 0 0
72 6 0 0 0 0 0 0 0 0
78 24 0 0 0 0 0 3 0 0
80 15 1 0 6 0 0 0 0 0
84 9 0 0 0 0 0 3 0 0
87 22 10 1 0 0 0 22 0 0
88 22 0 0 0 0 0 22 0 0
90 110 0 0 66 1 0 0 0 0
fn=calloc
103 8 5 1 0 0 0 0 0 0
107 8 0 0 0 0 0 0 0 0
111 40 0 0 0 0 0 0 0 0
114 8 0 0 0 0 0 0 0 0
fn=free
120 1 1 1 0 0 0 1 0 0
122 3 0 0 1 0 0 0 0 0
129 2 0 0 2 0 0 0 0 0
fn=malloc
94 21 11 0 0 0 0 0 0 0
95 42 0 0 0 0 0 0 0 0
fn=strsep
354 4 1 1 2 1 0 0 0 0
356 2 0 0 2 0 0 0 0 0
357 4 0 0 0 0 0 0 0 0
361 77 2 1 15 0 0 0 0 0
366 56 0 0 28 0 0 0 0 0
368 84 0 0 28 0 0 0 0 0
376 14 0 0 0 0 0 0 0 0
379 1 0 0 0 0 0 1 0 0
383 2 0 0 2 0 0 0 0 0
fl=/build/glibc-bfm8X4/glibc-2.23/elf/dl-misc.c
fn=_dl_name_match_p
288 215 16 2 0 0 0 86 6 4
289 172 0 0 43 14 0 43 0 0
290 46 0 0 0 0 0 0 0 0
292 43 0 0 43 12 0 0 0 0
294 174 0 0 0 0 0 0 0 0
295 235 17 2 47 28 1 47 1 0
298 44 0 0 44 2 0 0 0 0
300 40 0 0 0 0 0 0 0 0
301 215 0 0 129 9 0 0 0 0
fn=_dl_sysdep_read_whole_file
45 8 2 2 0 0 0 4 1 1
52 3 0 0 0 0 0 1 0 0
53 2 0 0 0 0 0 0 0 0
55 7 0 0 0 0 0 1 0 0
57 2 0 0 1 0 0 1 0 0
60 2 0 0 0 0 0 0 0 0
62 8 1 1 0 0 0 1 0 0
73 2 0 0 0 0 0 1 0 0
76 7 0 0 5 0 0 0 0 0
fl=/build/glibc-bfm8X4/glibc-2.23/elf/dl-object.c
fn=_dl_add_to_namespace_list
32 15 3 1 0 0 0 9 0 0
34 9 0 0 3 1 0 3 2 0
36 22 0 0 3 2 0 0 0 0
39 15 2 0 5 5 0 0 0 0
41 2 0 0 0 0 0 2 1 0
43 2 0 0 0 0 0 2 0 0
46 2 0 0 0 0 0 1 0 0
47 9 1 1 3 0 0 0 0 0
48 6 0 0 3 3 0 3 2 0
49 6 0 0 0 0 0 3 1 0
51 6 2 0 3 1 0 0 0 0
52 9 0 0 9 1 0 0 0 0
fn=_dl_new_object
61 42 3 1 0 0 0 30 4 3
62 9 0 0 0 0 0 3 2 1
68 39 9 3 6 2 1 0 0 0
75 15 0 0 0 0 0 6 1 0
78 6 3 1 0 0 0 0 0 0
81 3 0 0 0 0 0 3 2 2
82 6 0 0 0 0 0 3 3 3
85 6 0 0 0 0 0 3 1 1
87 15 0 0 6 0 0 6 1 1
89 3 3 1 0 0 0 3 0 0
97 18 0 0 6 2 0 3 1 1
98 18 0 0 6 4 3 3 0 0
101 6 0 0 3 0 0 0 0 0
102 8 3 0 2 0 0 3 3 3
103 3 3 1 0 0 0 3 0 0
107 3 0 0 0 0 0 3 0 0
110 44 0 0 0 0 0 0 0 0
112 32 0 0 0 0 0 16 5 4
122 6 0 0 0 0 0 3 0 0
123 3 3 1 0 0 0 3 3 3
128 18 0 0 3 3 1 0 0 0
130 8 0 0 0 0 0 2 1 1
133 8 1 1 0 0 0 0 0 0
137 6 2 0 2 0 0 0 0 0
141 12 2 1 0 0 0 0 0 0
143 5 1 1 1 1 0 0 0 0
149 1 0 0 0 0 0 1 0 0
152 6 3 1 0 0 0 3 1 1
155 9 0 0 0 0 0 3 0 0
157 14 0 0 2 0 0 4 1 0
161 8 0 0 2 0 0 0 0 0
165 6 2 0 0 0 0 2 0 0
166 8 2 0 0 0 0 0 0 0
168 1 1 1 0 0 0 0 0 0
211 48 2 1 4 0 0 2 0 0
216 42 0 0 0 0 0 0 0 0
217 88 0 0 42 0 0 0 0 0
222 4 0 0 0 0 0 2 0 0
225 4 2 0 0 0 0 2 1 0
229 24 0 0 21 0 0 0 0 0
fl=/build/glibc-bfm8X4/glibc-2.23/elf/dl-open.c
fn=_dl_find_dso_for_object
182 5 2 2 1 1 0 0 0 0
183 10 1 1 3 3 0 0 0 0
184 12 0 0 6 4 0 0 0 0
185 2 0 0 1 1 0 0 0 0
188 2 0 0 1 1 0 0 0 0
192 1 0 0 1 0 0 0 0 0
fl=/build/glibc-bfm8X4/glibc-2.23/elf/dl-reloc.c
fn=_dl_relocate_object
149 48 8 2 0 0 0 32 3 0
156 4 0 0 0 0 0 4 2 0
159 8 0 0 0 0 0 0 0 0
160 24 0 0 0 0 0 12 1 0
164 8 0 0 0 0 0 0 0 0
165 24 0 0 4 4 0 4 4 0
171 8 4 1 4 1 0 0 0 0
177 12 0 0 4 0 0 0 0 0
178 8 3 1 4 4 0 0 0 0
181 8 0 0 4 0 0 0 0 0
188 8 0 0 4 1 0 0 0 0
232 12 4 1 8 5 0 4 1 0
258 192 10 3 59 23 0 53 6 0
261 16 0 0 4 0 0 0 0 0
285 4 0 0 4 3 0 0 0 0
288 8 2 0 4 0 0 0 0 0
305 12 0 0 4 4 0 0 0 0
307 32 0 0 28 5 0 0 0 0
313 28 8 2 12 4 0 4 1 0
316 8 0 0 0 0 0 0 0 0
320 8 0 0 0 0 0 0 0 0
321 28 4 1 4 0 0 4 0 0
fl=/build/glibc-bfm8X4/glibc-2.23/elf/dl-tls.c
fn=_dl_add_to_slotinfo
890 4 1 1 0 0 0 3 0 0
896 2 1 1 1 1 0 0 0 0
899 1 0 0 1 1 0 0 0 0
904 5 0 0 1 0 0 0 0 0
945 1 0 0 0 0 0 1 1 0
946 3 1 1 1 1 0 1 0 0
947 4 0 0 4 0 0 0 0 0
fn=_dl_allocate_tls_init
449 7 0 0 0 0 0 6 0 0
450 2 1 1 0 0 0 0 0 0
454 2 0 0 1 1 0 1 0 0
456 1 0 0 0 0 0 1 0 0
457 3 0 0 1 0 0 0 0 0
460 4 1 1 2 2 0 1 0 0
472 1 0 0 1 1 0 0 0 0
477 9 0 0 1 1 0 0 0 0
483 16 1 1 1 0 0 1 0 0
486 1 0 0 1 1 0 0 0 0
487 2 1 1 0 0 0 0 0 0
493 3 0 0 2 0 0 0 0 0
494 2 0 0 0 0 0 0 0 0
496 5 0 0 2 2 0 1 1 0
497 1 0 0 0 0 0 1 0 0
499 3 0 0 0 0 0 0 0 0
500 1 1 1 1 1 0 0 0 0
503 2 0 0 0 0 0 0 0 0
504 4 0 0 2 1 0 0 0 0
506 2 0 0 0 0 0 0 0 0
515 12 1 1 4 2 0 2 0 0
529 2 1 1 1 0 0 1 1 0
531 1 0 0 1 0 0 0 0 0
532 8 0 0 7 0 0 0 0 0
fn=_dl_allocate_tls_storage
321 2 1 1 1 1 0 0 0 0
322 3 0 0 0 0 0 1 1 0
323 2 0 0 0 0 0 0 0 0
326 1 0 0 0 0 0 1 1 1
332 2 0 0 0 0 0 1 1 0
354 3 1 1 0 0 0 3 0 0
356 1 0 0 1 0 0 0 0 0
367 3 0 0 1 0 0 1 0 0
368 2 0 0 0 0 0 0 0 0
375 2 1 1 0 0 0 0 0 0
379 297 0 0 0 0 0 289 37 36
396 5 0 0 4 1 0 0 0 0
fn=_dl_count_modids
115 2 1 1 1 1 0 0 0 0
116 2 0 0 2 0 0 0 0 0
fn=_dl_determine_tlsoffset
138 7 1 1 0 0 0 6 0 0
144 3 0 0 1 0 0 0 0 0
147 2 0 0 1 0 0 0 0 0
183 9 0 0 2 0 0 0 0 0
185 10 1 1 1 0 0 0 0 0
187 4 0 0 1 1 0 0 0 0
188 1 1 1 1 0 0 0 0 0
190 3 1 1 0 0 0 0 0 0
192 7 0 0 1 0 0 0 0 0
208 6 0 0 0 0 0 0 0 0
210 4 0 0 0 0 0 0 0 0
220 1 1 1 0 0 0 1 0 0
223 4 0 0 0 0 0 1 0 0
224 1 0 0 0 0 0 1 0 0
275 1 1 1 0 0 0 1 0 0
276 8 0 0 7 1 0 0 0 0
fn=_dl_next_tls_modid
49 1 1 1 0 0 0 0 0 0
52 4 0 0 2 1 0 0 0 0
100 1 0 0 0 0 0 1 0 0
104 2 1 1 1 0 0 0 0 0
fl=/build/glibc-bfm8X4/glibc-2.23/elf/dl-version.c
fn=_dl_check_all_versions
380 5 1 1 0 0 0 4 0 0
384 19 2 0 4 2 0 0 0 0
385 4 0 0 0 0 0 0 0 0
386 40 3 1 4 3 0 4 0 0
389 7 0 0 5 1 0 0 0 0
fn=_dl_check_map_versions
56 24 0 0 4 1 0 0 0 0
57 5 0 0 5 0 0 0 0 0
58 37 5 1 0 0 0 7 2 0
174 36 3 1 0 0 0 24 0 0
175 2 0 0 0 0 0 0 0 0
183 2 0 0 0 0 0 0 0 0
189 12 3 1 4 3 0 0 0 0
190 2 0 0 0 0 0 0 0 0
191 8 0 0 4 4 0 4 0 0
193 8 0 0 4 1 0 4 0 0
194 16 0 0 4 4 0 12 1 0
196 8 0 0 0 0 0 0 0 0
199 6 2 1 4 1 0 2 0 0
203 10 0 0 2 2 2 0 0 0
220 4 0 0 4 0 0 0 0 0
228 6 0 0 2 0 0 0 0 0
233 16 2 1 4 1 0 0 0 0
237 74 1 1 40 11 2 8 0 0
244 24 0 0 12 1 0 0 0 0
247 12 0 0 4 1 0 0 0 0
252 2 2 0 0 0 0 0 0 0
256 12 1 1 4 0 0 0 0 0
270 8 1 1 4 0 0 0 0 0
273 8 0 0 6 2 0 0 0 0
276 120 0 0 30 11 6 0 0 0
279 90 0 0 30 6 3 0 0 0
283 28 0 0 0 0 0 0 0 0
287 9 1 1 0 0 0 0 0 0
292 3 0 0 0 0 0 3 3 0
293 12 0 0 0 0 0 3 2 0
294 6 1 1 0 0 0 0 0 0
302 3 0 0 0 0 0 3 0 0
305 9 0 0 6 5 0 3 3 0
307 9 0 0 3 1 0 0 0 0
310 8 1 1 6 1 0 0 0 0
314 6 0 0 2 1 0 0 0 0
317 12 0 0 4 0 0 0 0 0
319 12 0 0 0 0 0 0 0 0
321 20 0 0 4 0 0 4 0 0
322 12 0 0 0 0 0 4 3 3
323 12 1 1 4 1 0 4 0 0
324 12 0 0 4 0 0 4 0 0
327 12 0 0 4 0 0 0 0 0
332 2 0 0 0 0 0 0 0 0
335 6 0 0 2 0 0 0 0 0
345 9 0 0 3 0 0 0 0 0
348 8 1 1 6 1 0 0 0 0
352 28 0 0 28 3 0 0 0 0
354 60 0 0 30 4 0 0 0 0
359 168 0 0 56 0 0 28 9 8
360 84 0 0 28 2 0 28 0 0
361 28 0 0 0 0 0 28 3 3
364 90 1 0 30 0 0 0 0 0
368 28 0 0 0 0 0 0 0 0
374 35 1 1 28 2 0 0 0 0
fn=match_symbol
76 52 4 2 0 0 0 32 4 1
77 8 0 0 8 5 0 0 0 0
85 8 0 0 4 1 0 0 0 0
91 12 0 0 4 3 0 0 0 0
106 4 2 1 4 2 0 0 0 0
107 8 0 0 0 0 0 0 0 0
109 4 0 0 4 0 0 0 0 0
114 36 0 0 18 7 6 0 0 0
128 36 0 0 18 0 0 0 0 0
133 28 2 1 8 1 0 4 0 0
140 42 0 0 14 2 2 0 0 0
144 14 0 0 0 0 0 0 0 0
168 32 0 0 28 0 0 0 0 0
fl=/build/glibc-bfm8X4/glibc-2.23/elf/do-rel.h
fn=_dl_relocate_object
47 24 0 0 8 0 0 8 0 0
48 8 0 0 8 5 0 0 0 0
58 24 4 1 8 0 0 0 0 0
61 84 0 0 0 0 0 0 0 0
63 92 3 1 23 10 8 0 0 0
65 26 0 0 0 0 0 0 0 0
74 6 0 0 0 0 0 0 0 0
75 46 6 2 17 1 0 0 0 0
76 16 0 0 8 0 0 0 0 0
83 10 0 0 5 3 0 5 0 0
84 5 3 1 5 1 0 0 0 0
86 15 5 1 5 2 0 0 0 0
98 15 0 0 0 0 0 0 0 0
108 9 1 1 1 1 1 0 0 0
111 3584 2 1 0 0 0 0 0 0
112 2384 0 0 1192 5 0 0 0 0
118 15 3 0 5 5 0 0 0 0
121 8 0 0 4 4 0 4 1 0
124 296 3 1 99 73 0 3 1 0
127 368 75 0 92 28 21 0 0 0
129 8 3 0 0 0 0 0 0 0
136 368 0 0 184 107 43 0 0 0
137 593 0 0 92 3 0 92 0 0
138 92 78 1 92 75 0 0 0 0
139 184 0 0 92 3 0 0 0 0
143 6 0 0 0 0 0 0 0 0
160 24 3 3 8 5 0 3 1 0
162 20 4 0 5 2 2 0 0 0
170 30 1 1 5 0 0 5 0 0
171 10 0 0 10 0 0 0 0 0
174 2 0 0 0 0 0 0 0 0
fn=_dl_start
83 1 0 0 1 0 0 0 0 0
84 1 0 0 1 0 0 0 0 0
111 33 0 0 0 0 0 0 0 0
112 20 0 0 10 2 2 0 0 0
116 2 0 0 1 0 0 0 0 0
124 22 0 0 0 0 0 0 0 0
136 6 0 0 6 2 2 0 0 0
137 36 1 1 6 0 0 0 0 0
fl=/build/glibc-bfm8X4/glibc-2.23/elf/get-dynamic-info.h
fn=_dl_map_object_from_fd
39 4 0 0 0 0 0 0 0 0
43 2 0 0 0 0 0 0 0 0
45 141 0 0 47 14 13 0 0 0
47 90 0 0 0 0 0 0 0 0
60 42 0 0 0 0 0 0 0 0
61 71 2 1 0 0 0 43 13 11
62 8 0 0 0 0 0 0 0 0
64 2 0 0 0 0 0 0 0 0
65 10 2 1 0 0 0 0 0 0
67 2 0 0 0 0 0 0 0 0
68 10 0 0 0 0 0 0 0 0
70 10 0 0 0 0 0 2 2 0
71 45 0 0 0 0 0 0 0 0
78 4 0 0 0 0 0 0 0 0
98 7 0 0 3 1 0 0 0 0
99 8 2 1 4 0 0 0 0 0
100 8 0 0 4 1 0 0 0 0
101 8 0 0 4 0 0 0 0 0
103 8 0 0 4 0 0 0 0 0
108 8 2 1 4 0 0 0 0 0
109 7 0 0 3 2 1 0 0 0
110 8 0 0 4 3 0 0 0 0
116 6 0 0 2 0 0 0 0 0
121 4 0 0 2 1 0 0 0 0
128 4 2 1 2 0 0 0 0 0
129 6 0 0 4 0 0 0 0 0
145 6 0 0 2 0 0 0 0 0
150 2 0 0 1 1 0 1 1 0
152 2 0 0 0 0 0 0 0 0
154 2 0 0 0 0 0 0 0 0
156 2 1 0 0 0 0 0 0 0
159 6 1 1 2 1 0 0 0 0
161 4 0 0 1 0 0 1 0 0
169 2 0 0 1 0 0 0 0 0
174 2 1 1 0 0 0 0 0 0
177 4 1 0 2 0 0 0 0 0
fn=_dl_start
45 57 1 1 19 6 6 0 0 0
47 36 0 0 0 0 0 0 0 0
48 26 0 0 0 0 0 13 4 4
60 21 0 0 0 0 0 0 0 0
61 18 2 2 0 0 0 4 3 3
62 4 1 1 0 0 0 0 0 0
64 1 0 0 0 0 0 0 0 0
65 5 1 1 0 0 0 0 0 0
67 2 0 0 0 0 0 0 0 0
68 5 1 1 0 0 0 0 0 0
70 6 0 0 0 0 0 1 1 1
71 18 0 0 0 0 0 0 0 0
78 2 0 0 0 0 0 0 0 0
98 4 0 0 2 0 0 0 0 0
99 4 0 0 2 0 0 0 0 0
100 4 1 1 2 0 0 0 0 0
101 4 0 0 2 0 0 0 0 0
103 4 0 0 2 0 0 0 0 0
108 4 0 0 2 0 0 0 0 0
109 4 1 1 2 0 0 0 0 0
110 4 0 0 2 0 0 0 0 0
116 3 0 0 1 0 0 0 0 0
121 2 0 0 1 0 0 0 0 0
128 3 0 0 1 0 0 0 0 0
129 3 1 1 2 0 0 0 0 0
137 3 0 0 1 0 0 0 0 0
139 3 0 0 1 0 0 0 0 0
142 2 1 1 1 0 0 0 0 0
143 2 0 0 1 0 0 0 0 0
fn=dl_main
30 1 0 0 1 1 0 0 0 0
39 2 0 0 0 0 0 0 0 0
43 1 0 0 0 0 0 0 0 0
45 72 0 0 24 7 7 0 0 0
47 46 0 0 0 0 0 0 0 0
60 17 0 0 0 0 0 0 0 0
61 33 0 0 0 0 0 22 7 6
62 4 1 1 0 0 0 0 0 0
64 1 0 0 0 0 0 0 0 0
65 5 1 1 0 0 0 0 0 0
67 1 1 1 0 0 0 0 0 0
68 5 1 1 0 0 0 0 0 0
70 5 0 0 0 0 0 1 0 0
71 23 0 0 0 0 0 0 0 0
78 3 0 0 1 0 0 0 0 0
116 3 1 1 1 0 0 0 0 0
121 2 0 0 1 0 0 0 0 0
128 2 0 0 1 0 0 0 0 0
129 3 1 1 2 0 0 0 0 0
145 3 0 0 1 0 0 0 0 0
159 3 1 1 1 0 0 0 0 0
177 2 1 1 1 0 0 0 0 0
fl=/build/glibc-bfm8X4/glibc-2.23/elf/rtld.c
fn=_dl_initial_error_catch_tsd
664 8 4 0 4 0 0 0 0 0
fn=_dl_start
302 2 0 0 0 0 0 1 1 1
303 2 0 0 0 0 0 1 1 0
304 2 0 0 0 0 0 1 1 1
305 2 0 0 0 0 0 1 0 0
306 2 1 1 0 0 0 1 0 0
314 5 0 0 0 0 0 1 1 1
317 1 0 0 0 0 0 1 0 0
323 4 1 0 0 0 0 1 0 0
332 1 0 0 0 0 0 0 0 0
335 5 0 0 1 1 0 1 1 0
339 2 1 0 1 0 0 0 0 0
353 9 2 2 0 0 0 6 1 1
371 5 0 0 0 0 0 1 1 1
394 1 0 0 0 0 0 1 0 0
397 1 0 0 0 0 0 1 1 1
408 2 0 0 0 0 0 0 0 0
413 26 2 2 9 0 0 0 0 0
415 1 1 1 1 1 1 0 0 0
440 9 0 0 7 1 0 0 0 0
fn=dl_main
719 1 0 0 1 1 0 0 0 0
721 3 0 0 1 1 0 1 1 0
730 1 1 1 0 0 0 1 0 0
732 1 0 0 0 0 0 1 1 0
737 1 0 0 0 0 0 1 1 0
790 12 2 2 0 0 0 7 1 1
799 1 0 0 0 0 0 0 0 0
805 1 0 0 0 0 0 1 1 0
809 2 0 0 0 0 0 1 1 0
812 2 0 0 0 0 0 1 1 1
816 2 0 0 0 0 0 1 1 1
817 2 1 1 0 0 0 1 0 0
822 2 0 0 0 0 0 1 0 0
832 3 1 1 1 1 0 0 0 0
1033 8 1 1 0 0 0 1 0 0
1035 2 1 0 0 0 0 0 0 0
1036 1 0 0 0 0 0 1 0 0
1037 2 1 1 1 0 0 1 0 0
1038 2 0 0 1 1 0 1 0 0
1042 3 0 0 0 0 0 1 0 0
1043 3 0 0 1 0 0 0 0 0
1064 1 0 0 0 0 0 1 1 1
1065 1 1 1 0 0 0 1 0 0
1067 1 0 0 0 0 0 1 0 0
1069 1 0 0 1 0 0 0 0 0
1072 35 0 0 1 1 0 0 0 0
1073 71 1 1 9 5 5 0 0 0
1077 3 1 1 1 0 0 1 1 0
1078 1 0 0 0 0 0 0 0 0
1082 3 1 1 2 0 0 1 0 0
1083 1 0 0 0 0 0 0 0 0
1091 1 0 0 0 0 0 1 1 1
1092 2 0 0 2 1 1 0 0 0
1094 3 1 1 0 0 0 1 1 0
1101 2 0 0 1 1 0 0 0 0
1119 1 0 0 0 0 0 0 0 0
1127 8 0 0 2 0 0 0 0 0
1128 7 2 2 3 2 1 0 0 0
1129 4 1 1 2 1 0 0 0 0
1130 1 0 0 0 0 0 1 0 0
1133 4 0 0 2 1 1 0 0 0
1134 4 0 0 2 0 0 0 0 0
1135 2 0 0 0 0 0 2 0 0
1136 6 0 0 3 0 0 0 0 0
1137 2 0 0 0 0 0 1 0 0
1164 2 0 0 1 0 0 1 1 0
1165 1 0 0 0 0 0 0 0 0
1168 2 1 1 1 0 0 1 0 0
1169 2 0 0 1 0 0 1 0 0
1170 1 0 0 0 0 0 0 0 0
1175 5 1 1 3 1 1 0 0 0
1178 2 0 0 0 0 0 0 0 0
1180 2 0 0 0 0 0 0 0 0
1182 3 1 1 1 1 0 0 0 0
1195 3 0 0 1 1 0 0 0 0
1196 8 0 0 4 3 0 1 0 0
1201 1 0 0 0 0 0 1 0 0
1203 1 1 1 0 0 0 1 1 1
1204 1 0 0 0 0 0 1 0 0
1206 2 0 0 1 0 0 0 0 0
1207 2 0 0 0 0 0 1 0 0
1211 2 0 0 1 1 0 0 0 0
1213 2 1 1 0 0 0 0 0 0
1218 2 0 0 0 0 0 1 1 0
1221 2 1 0 1 1 0 0 0 0
1237 3 1 1 0 0 0 1 0 0
1243 9 2 1 1 1 0 2 0 0
1248 2 1 1 1 0 0 1 0 0
1251 4 2 1 1 0 0 1 0 0
1253 1 0 0 0 0 0 1 0 0
1258 2 0 0 1 0 0 0 0 0
1261 3 0 0 2 2 0 1 0 0
1262 4 1 1 1 1 0 1 0 0
1263 2 0 0 0 0 0 1 0 0
1264 1 0 0 0 0 0 1 0 0
1265 1 0 0 1 0 0 0 0 0
1266 1 0 0 1 1 0 0 0 0
1271 2 0 0 1 1 0 0 0 0
1272 5 0 0 1 0 0 1 0 0
1289 2 1 1 1 1 1 0 0 0
1290 2 0 0 1 0 0 0 0 0
1292 4 0 0 1 0 0 0 0 0
1294 2 1 1 0 0 0 1 1 0
1295 4 0 0 1 0 0 1 1 1
1300 3 0 0 0 0 0 0 0 0
1301 5 0 0 1 1 1 0 0 0
1303 2 0 0 1 0 0 1 1 1
1304 2 0 0 1 0 0 1 0 0
1309 2 1 1 1 0 0 0 0 0
1314 3 0 0 1 1 0 0 0 0
1491 2 0 0 0 0 0 2 0 0
1499 3 1 1 1 0 0 0 0 0
1502 1 0 0 0 0 0 1 1 0
1506 3 0 0 1 1 0 0 0 0
1511 1 0 0 0 0 0 1 0 0
1512 1 0 0 0 0 0 1 0 0
1513 1 0 0 0 0 0 0 0 0
1517 3 0 0 1 1 0 0 0 0
1532 3 1 1 2 0 0 0 0 0
1533 1 0 0 0 0 0 0 0 0
1534 1 0 0 0 0 0 0 0 0
1536 3 0 0 1 0 0 0 0 0
1538 5 0 0 0 0 0 0 0 0
1539 3 1 0 0 0 0 1 0 0
1540 1 0 0 0 0 0 0 0 0
1542 6 1 1 1 1 0 1 0 0
1552 5 0 0 0 0 0 1 0 0
1629 4 0 0 2 0 0 0 0 0
1633 8 1 1 0 0 0 0 0 0
1634 1 0 0 0 0 0 0 0 0
1637 3 0 0 0 0 0 1 0 0
1638 1 0 0 1 1 0 0 0 0
1639 2 0 0 0 0 0 0 0 0
1640 2 0 0 0 0 0 0 0 0
1646 5 1 1 0 0 0 0 0 0
1647 8 0 0 1 1 0 1 0 0
1648 1 1 0 0 0 0 0 0 0
1650 6 1 1 1 1 0 1 0 0
1653 13 0 0 2 0 0 0 0 0
1654 16 0 0 8 2 0 0 0 0
1657 3 1 1 2 1 0 1 0 0
1658 4 1 1 1 0 0 0 0 0
1659 1 0 0 0 0 0 1 1 0
1661 10 1 1 0 0 0 0 0 0
1662 11 0 0 4 0 0 0 0 0
1672 2 1 1 0 0 0 1 0 0
1674 2 1 1 1 0 0 1 0 0
1675 3 0 0 1 1 0 0 0 0
1677 2 0 0 0 0 0 1 0 0
1679 3 0 0 0 0 0 0 0 0
1681 3 0 0 1 1 0 0 0 0
1682 1 0 0 1 0 0 0 0 0
1695 2 1 1 0 0 0 0 0 0
1696 2 0 0 0 0 0 1 0 0
1697 3 0 0 1 0 0 0 0 0
1708 5 1 1 1 0 0 1 0 0
1709 1 0 0 0 0 0 1 1 0
1710 5 0 0 0 0 0 1 0 0
1720 2 1 0 1 0 0 1 1 0
1721 2 1 1 1 1 0 0 0 0
1722 2 1 0 0 0 0 2 1 0
1724 2 0 0 1 1 0 0 0 0
1729 3 0 0 1 0 0 0 0 0
1959 3 0 0 1 1 1 0 0 0
2015 2 1 1 0 0 0 1 1 0
2019 4 1 1 2 1 0 2 1 0
2023 2 0 0 1 1 0 1 1 0
2026 2 0 0 1 1 0 0 0 0
2080 3 1 1 1 1 0 0 0 0
2087 1 0 0 1 0 0 0 0 0
2089 7 1 1 1 0 0 1 0 0
2091 11 1 1 0 0 0 0 0 0
2093 12 2 0 8 5 0 0 0 0
2098 8 0 0 8 7 0 0 0 0
2100 10 0 0 0 0 0 0 0 0
2102 1 1 1 0 0 0 1 1 0
2103 1 0 0 1 0 0 0 0 0
2106 4 0 0 4 4 0 0 0 0
2108 9 0 0 0 0 0 0 0 0
2109 24 0 0 6 6 0 3 2 0
2113 14 1 0 5 4 0 0 0 0
2114 3 1 0 0 0 0 1 0 0
2116 1 0 0 0 0 0 0 0 0
2118 6 1 0 1 1 0 1 1 0
2124 2 0 0 1 1 0 0 0 0
2129 4 1 1 2 2 0 0 0 0
2131 1 0 0 1 1 0 0 0 0
2136 3 1 1 1 1 0 1 0 0
2139 2 1 0 1 1 0 0 0 0
2148 3 0 0 2 2 0 0 0 0
2150 2 1 1 1 1 0 0 0 0
2165 5 0 0 0 0 0 0 0 0
2167 1 0 0 1 1 0 0 0 0
2168 5 0 0 1 1 0 1 0 0
2169 1 1 0 0 0 0 0 0 0
2171 6 1 1 1 1 0 1 0 0
2179 1 0 0 0 0 0 1 0 0
2183 3 0 0 1 1 0 0 0 0
2203 4 0 0 0 0 0 1 0 0
2204 1 0 0 0 0 0 1 0 0
2205 1 0 0 0 0 0 1 0 0
2206 1 0 0 0 0 0 0 0 0
2210 1 1 1 0 0 0 1 0 0
2215 8 0 0 7 1 0 0 0 0
2383 2 0 0 1 1 0 1 1 1
2385 1 0 0 0 0 0 1 0 0
2386 1 0 0 0 0 0 0 0 0
2390 13 1 1 1 0 0 4 2 1
2392 15 0 0 3 1 0 3 0 0
2396 107 1 1 21 1 0 0 0 0
2397 19 0 0 0 0 0 0 0 0
2399 4 0 0 0 0 0 0 0 0
2405 14 1 1 2 1 1 0 0 0
2426 6 1 1 0 0 0 1 0 0
2433 6 3 2 0 0 0 1 0 0
2435 3 0 0 0 0 0 1 0 0
2480 3 1 1 1 0 0 0 0 0
2481 6 1 1 0 0 0 1 0 0
2483 3 1 1 0 0 0 1 1 1
2553 3 0 0 1 1 0 0 0 0
2583 3 0 0 1 0 0 0 0 0
fn=handle_ld_preload
108 3 1 1 1 1 0 0 0 0
672 1 0 0 0 0 0 1 0 0
676 1 0 0 0 0 0 1 0 0
677 2 1 1 1 1 0 1 0 0
678 1 0 0 0 0 0 1 0 0
680 1 0 0 1 0 0 0 0 0
682 13 0 0 3 0 0 4 1 1
683 3 1 0 1 0 0 0 0 0
696 3 0 0 1 0 0 0 0 0
757 9 1 1 0 0 0 7 2 1
758 1 0 0 0 0 0 0 0 0
762 6 1 1 2 2 0 0 0 0
766 2 0 0 0 0 0 0 0 0
768 6 1 1 0 0 0 1 0 0
769 2 0 0 0 0 0 1 0 0
776 4 1 0 0 0 0 0 0 0
779 2 0 0 1 0 0 0 0 0
780 1 0 0 0 0 0 0 0 0
783 9 1 1 7 2 0 0 0 0
fn=init_tls
589 2 1 1 0 0 0 1 0 0
591 2 0 0 1 1 0 1 0 0
595 2 0 0 1 1 0 0 0 0
604 1 1 1 0 0 0 1 0 0
605 4 0 0 0 0 0 1 0 0
610 1 0 0 0 0 0 0 0 0
611 2 0 0 0 0 0 1 0 0
612 1 0 0 0 0 0 1 0 0
616 2 0 0 1 1 1 0 0 0
617 1 0 0 0 0 0 0 0 0
618 11 1 1 1 1 0 0 0 0
619 8 0 0 4 3 0 0 0 0
620 8 0 0 4 4 0 0 0 0
624 3 0 0 0 0 0 1 1 1
626 1 0 0 0 0 0 0 0 0
628 3 0 0 0 0 0 0 0 0
631 1 1 1 0 0 0 1 0 0
638 2 1 0 0 0 0 1 0 0
639 2 0 0 0 0 0 0 0 0
645 2 1 1 1 0 0 1 1 0
648 7 0 0 0 0 0 2 0 0
651 1 1 0 0 0 0 1 1 0
653 1 0 0 0 0 0 0 0 0
654 2 0 0 2 0 0 0 0 0
fn=map_doit
496 2 1 1 0 0 0 1 0 0
498 1 0 0 1 0 0 0 0 0
499 9 1 0 2 0 0 2 1 0
501 2 0 0 2 0 0 0 0 0
fn=rtld_lock_default_lock_recursive
704 8 4 1 8 4 1 0 0 0
fn=rtld_lock_default_unlock_recursive
710 8 1 0 8 1 0 0 0 0
fn=version_check_doit
529 2 1 1 0 0 0 1 0 0
531 6 2 0 2 1 0 1 0 0
535 2 0 0 2 0 0 0 0 0
fl=/build/glibc-bfm8X4/glibc-2.23/elf/setup-vdso.h
fn=dl_main
24 2 0 0 1 1 0 0 0 0
fl=/build/glibc-bfm8X4/glibc-2.23/io/../sysdeps/unix/syscall-template.S
fn=access
84 12 3 1 0 0 0 0 0 0
86 15 0 0 3 0 0 3 2 0
fn=close
84 12 3 1 0 0 0 0 0 0
85 3 0 0 3 0 0 0 0 0
fn=open
84 28 3 1 0 0 0 0 0 0
85 3 0 0 3 0 0 0 0 0
86 20 0 0 4 0 0 4 0 0
fn=read
84 8 2 1 0 0 0 0 0 0
85 2 0 0 2 0 0 0 0 0
fl=/build/glibc-bfm8X4/glibc-2.23/io/../sysdeps/unix/sysv/linux/wordsize-64/fxstat.c
fn=_fxstat
33 4 0 0 0 0 0 0 0 0
34 8 4 2 0 0 0 0 0 0
35 24 1 1 0 0 0 0 0 0
39 4 0 0 4 0 0 0 0 0
fl=/build/glibc-bfm8X4/glibc-2.23/io/../sysdeps/unix/sysv/linux/wordsize-64/xstat.c
fn=_xstat
33 4 0 0 0 0 0 0 0 0
34 8 1 1 0 0 0 0 0 0
35 36 1 0 3 0 0 3 0 0
39 1 0 0 1 0 0 0 0 0
fl=/build/glibc-bfm8X4/glibc-2.23/libio/filedoalloc.c
fn=_IO_file_doallocate
95 5 1 1 0 0 0 3 0 0
110 8 0 0 3 0 0 1 1 0
112 4 0 0 1 0 0 0 0 0
123 3 1 1 1 1 0 0 0 0
127 3 1 0 0 0 0 1 0 0
128 2 0 0 0 0 0 0 0 0
129 1 0 0 0 0 0 0 0 0
130 4 0 0 0 0 0 1 0 0
131 1 0 0 0 0 0 0 0 0
132 5 1 1 4 1 0 0 0 0
fl=/build/glibc-bfm8X4/glibc-2.23/libio/fileops.c
fn=_IO_do_write@@GLIBC_2.2.5
494 3 1 1 0 0 0 0 0 0
495 1 0 0 1 0 0 0 0 0
fn=_IO_file_overflow@@GLIBC_2.2.5
807 5 1 1 0 0 0 3 0 0
808 3 1 1 1 0 0 0 0 0
815 2 0 0 0 0 0 0 0 0
818 2 1 1 1 0 0 0 0 0
820 2 1 1 0 0 0 1 0 0
821 6 2 1 2 0 0 3 0 0
830 2 1 0 0 0 0 0 0 0
839 4 1 1 2 0 0 0 0 0
841 1 0 0 0 0 0 1 0 0
842 2 0 0 0 0 0 1 0 0
843 1 0 0 0 0 0 1 0 0
844 2 0 0 0 0 0 2 0 0
846 3 0 0 0 0 0 1 0 0
847 5 0 0 1 1 0 0 0 0
850 2 1 0 0 0 0 0 0 0
851 3 1 1 0 0 0 0 0 0
863 3 0 0 3 0 0 0 0 0
fn=_IO_file_stat
1229 1 1 1 0 0 0 0 0 0
1230 3 0 0 1 0 0 0 0 0
fn=_IO_file_xsputn@@GLIBC_2.2.5
1280 30 2 1 0 0 0 18 0 0
1286 6 0 0 0 0 0 0 0 0
1287 3 2 1 0 0 0 0 0 0
1293 12 0 0 3 0 0 0 0 0
1310 12 0 0 6 2 1 0 0 0
1311 2 0 0 0 0 0 0 0 0
1314 8 0 0 0 0 0 0 0 0
1319 10 1 0 0 0 0 4 1 0
1324 2 0 0 0 0 0 0 0 0
1325 6 0 0 0 0 0 0 0 0
1327 4 0 0 0 0 0 0 0 0
1331 7 3 2 2 1 0 1 1 0
1337 2 0 0 2 0 0 0 0 0
1338 7 1 1 0 0 0 0 0 0
1340 3 0 0 0 0 0 0 0 0
1351 2 0 0 0 0 0 0 0 0
1352 6 1 1 0 0 0 1 0 0
1354 6 1 0 0 0 0 0 0 0
1355 24 0 0 21 1 0 0 0 0
fl=/build/glibc-bfm8X4/glibc-2.23/libio/genops.c
fn=_IO_default_xsputn
422 10 1 1 0 0 0 5 0 0
425 2 1 1 0 0 0 0 0 0
430 4 0 0 2 0 0 0 0 0
432 3 0 0 0 0 0 0 0 0
435 2 0 0 0 0 0 0 0 0
445 3 0 0 0 0 0 0 0 0
449 22 0 0 0 0 0 0 0 0
450 33 1 1 11 1 0 11 1 0
451 3 0 0 0 0 0 1 0 0
453 1 0 0 0 0 0 0 0 0
455 2 0 0 0 0 0 0 0 0
459 2 1 1 0 0 0 0 0 0
460 6 0 0 6 0 0 0 0 0
fn=_IO_doallocbuf
394 3 0 0 0 0 0 3 0 0
395 2 1 1 1 0 0 0 0 0
397 4 0 0 1 0 0 0 0 0
398 5 2 1 2 2 0 1 1 0
401 4 0 0 4 1 0 0 0 0
fn=_IO_setb
380 3 1 1 0 0 0 1 0 0
381 4 0 0 2 2 0 0 0 0
383 1 0 0 0 0 0 1 0 0
384 1 0 0 0 0 0 1 0 0
386 6 0 0 0 0 0 1 0 0
389 3 0 0 2 0 0 0 0 0
fl=/build/glibc-bfm8X4/glibc-2.23/malloc/arena.c
fn=malloc_hook_ini
260 3 0 0 1 1 1 0 0 0
fn=ptmalloc_init.part.5
221 156 0 0 52 7 1 0 0 0
223 102 0 0 51 24 16 0 0 0
224 8 0 0 4 0 0 0 0 0
225 2 0 0 1 0 0 0 0 0
239 51 0 0 0 0 0 0 0 0
258 6 1 1 0 0 0 5 0 0
263 1 0 0 0 0 0 1 0 0
271 2 1 1 1 0 0 0 0 0
272 7 3 2 0 0 0 1 1 0
273 4 0 0 2 0 0 0 0 0
277 3 1 0 1 1 0 1 1 0
279 5 0 0 2 2 0 0 0 0
295 2 1 1 0 0 0 0 0 0
340 2 1 1 0 0 0 0 0 0
346 2 0 0 2 2 0 0 0 0
347 2 0 0 0 0 0 0 0 0
349 1 0 0 0 0 0 1 1 0
350 7 1 0 6 1 0 0 0 0
fn=sysmalloc
488 3 0 0 0 0 0 1 0 0
fl=/build/glibc-bfm8X4/glibc-2.23/malloc/hooks.c
fn=malloc_hook_ini
29 4 1 1 0 0 0 2 0 0
30 2 1 1 1 0 0 1 0 0
33 4 0 0 3 1 0 0 0 0
fl=/build/glibc-bfm8X4/glibc-2.23/malloc/malloc.c
fn=_int_malloc
1879 11 4 2 3 0 0 0 0 0
3319 21 0 0 0 0 0 18 3 0
3349 30 2 1 0 0 0 0 0 0
3353 9 2 1 0 0 0 3 1 0
3367 6 0 0 3 2 1 0 0 0
3404 6 3 1 0 0 0 0 0 0
3448 53 10 4 0 0 0 3 0 0
3449 6 0 0 3 0 0 0 0 0
3450 2 0 0 0 0 0 1 0 0
3469 15 2 1 3 2 0 0 0 0
3603 6 3 1 0 0 0 0 0 0
3605 12 2 1 3 0 0 0 0 0
3608 12 0 0 3 2 0 0 0 0
3676 6 0 0 3 0 0 0 0 0
3677 6 3 1 0 0 0 0 0 0
3678 6 0 0 0 0 0 0 0 0
3679 6 0 0 3 3 0 0 0 0
3680 6 0 0 0 0 0 0 0 0
3685 6 0 0 0 0 0 0 0 0
3689 9 3 1 0 0 0 0 0 0
3792 3 3 1 3 2 0 0 0 0
3793 6 0 0 3 3 0 0 0 0
3795 9 0 0 0 0 0 0 0 0
3797 1 0 0 0 0 0 0 0 0
3798 1 0 0 0 0 0 0 0 0
3799 1 0 0 0 0 0 1 0 0
3800 8 2 1 0 0 0 1 0 0
3802 2 0 0 0 0 0 1 1 1
3805 1 0 0 0 0 0 0 0 0
3812 4 0 0 2 0 0 0 0 0
3817 9 0 0 0 0 0 3 0 0
3819 78 4 2 0 0 0 30 3 0
3827 6 3 2 0 0 0 2 0 0
3828 4 1 0 0 0 0 0 0 0
3833 27 6 2 21 2 0 0 0 0
5002 9 0 0 0 0 0 6 0 0
5004 12 0 0 0 0 0 3 0 0
fn=malloc
2902 9 2 1 0 0 0 6 2 0
2907 6 0 0 6 5 0 0 0 0
2908 6 3 1 0 0 0 0 0 0
2909 2 1 1 1 0 0 0 0 0
2911 28 2 1 10 4 0 0 0 0
2913 8 2 1 0 0 0 2 0 0
2916 4 2 0 0 0 0 0 0 0
2924 8 0 0 4 1 0 0 0 0
2926 17 2 1 2 0 0 0 0 0
2929 11 0 0 8 2 0 0 0 0
fn=malloc_consolidate
1805 254 0 0 0 0 0 0 0 0
1808 381 0 0 0 0 0 254 32 32
1812 3 1 1 0 0 0 0 0 0
1816 3 1 1 1 1 0 1 1 0
1817 3 0 0 1 1 0 1 0 0
1819 1 0 0 0 0 0 1 1 1
4144 2 1 1 1 0 0 0 0 0
4996 4 1 1 0 0 0 0 0 0
fn=malloc_hook_ini
2908 2 0 0 0 0 0 0 0 0
2911 13 3 2 5 2 0 0 0 0
2913 4 1 1 0 0 0 1 0 0
2916 2 1 0 0 0 0 0 0 0
2923 2 2 1 1 1 0 1 0 0
2924 4 0 0 2 1 0 0 0 0
2926 11 1 1 1 1 0 0 0 0
fn=sysmalloc
2268 16 2 1 0 0 0 12 2 0
2288 4 0 0 4 4 0 0 0 0
2299 4 0 0 0 0 0 0 0 0
2300 8 2 1 2 2 0 1 1 0
2301 3 2 2 2 1 0 0 0 0
2315 9 0 0 0 0 0 2 0 0
2321 3 1 1 0 0 0 0 0 0
2323 7 1 1 0 0 0 1 1 0
2325 2 1 1 0 0 0 0 0 0
2340 3 1 1 0 0 0 0 0 0
2355 3 1 1 0 0 0 1 1 1
2360 3 0 0 2 0 0 0 0 0
2361 5 0 0 2 0 0 0 0 0
2364 3 0 0 2 0 0 0 0 0
2365 5 1 0 2 0 0 0 0 0
2380 1 0 0 1 0 0 0 0 0
2381 3 0 0 1 0 0 0 0 0
2382 1 1 1 0 0 0 0 0 0
2391 6 0 0 1 0 0 0 0 0
2397 4 0 0 0 0 0 1 1 0
2400 3 0 0 0 0 0 0 0 0
2455 4 0 0 1 0 0 0 0 0
2463 2 1 1 1 0 0 0 0 0
2464 1 0 0 0 0 0 0 0 0
2474 6 1 1 0 0 0 2 0 0
2482 2 0 0 0 0 0 0 0 0
2484 6 1 1 2 2 0 3 0 0
2485 1 0 0 0 0 0 0 0 0
2488 4 1 1 2 0 0 0 0 0
2491 2 0 0 2 2 0 0 0 0
2492 2 0 0 0 0 0 0 0 0
2512 2 0 0 0 0 0 0 0 0
2538 2 0 0 1 1 1 0 0 0
2539 5 1 1 0 0 0 2 1 0
2540 3 0 0 1 0 0 1 0 0
2546 2 1 1 0 0 0 0 0 0
2549 7 2 2 1 0 0 0 0 0
2586 2 0 0 0 0 0 0 0 0
2592 3 0 0 0 0 0 0 0 0
2611 1 0 0 0 0 0 0 0 0
2614 2 0 0 0 0 0 0 0 0
2615 6 1 1 2 0 0 0 0 0
2617 2 0 0 0 0 0 0 0 0
2618 3 0 0 2 0 0 1 0 0
2630 2 0 0 0 0 0 0 0 0
2638 3 1 1 3 1 0 0 0 0
2639 3 0 0 1 1 0 0 0 0
2677 1 0 0 0 0 0 1 0 0
2678 5 0 0 0 0 0 1 1 1
2679 2 0 0 0 0 0 1 0 0
2690 2 0 0 0 0 0 0 0 0
2723 2 1 1 1 0 0 0 0 0
2724 1 0 0 0 0 0 1 0 0
2732 4 0 0 2 0 0 0 0 0
2734 1 0 0 0 0 0 0 0 0
2735 1 0 0 0 0 0 0 0 0
2736 1 0 0 0 0 0 1 0 0
2737 8 1 1 0 0 0 1 0 0
2738 2 0 0 0 0 0 1 1 1
2740 1 0 0 0 0 0 0 0 0
2746 18 1 0 14 2 0 0 0 0
fl=/build/glibc-bfm8X4/glibc-2.23/malloc/morecore.c
fn=__default_morecore
46 2 1 1 0 0 0 0 0 0
47 2 0 0 0 0 0 2 0 0
48 6 0 0 0 0 0 0 0 0
52 4 0 0 2 0 0 0 0 0
fl=/build/glibc-bfm8X4/glibc-2.23/misc/../sysdeps/unix/syscall-template.S
fn=mprotect
84 24 6 1 0 0 0 0 0 0
85 6 0 0 6 0 0 0 0 0
fn=munmap
84 4 1 1 0 0 0 0 0 0
85 1 0 0 1 0 0 0 0 0
fl=/build/glibc-bfm8X4/glibc-2.23/misc/../sysdeps/unix/sysv/linux/wordsize-64/mmap.c
fn=mmap
32 100 0 0 0 0 0 60 4 1
33 58 13 4 2 0 0 0 0 0
34 100 1 0 0 0 0 0 0 0
36 70 0 0 70 0 0 0 0 0
fl=/build/glibc-bfm8X4/glibc-2.23/misc/../sysdeps/unix/sysv/linux/x86_64/brk.c
fn=brk
31 16 1 1 2 0 0 2 0 0
33 4 0 0 0 0 0 0 0 0
39 2 0 0 0 0 0 0 0 0
40 2 0 0 2 0 0 0 0 0
fl=/build/glibc-bfm8X4/glibc-2.23/misc/init-misc.c
fn=__init_misc
30 3 0 0 0 0 0 2 0 0
31 6 1 1 1 0 0 0 0 0
33 3 0 0 0 0 0 1 0 0
37 5 1 1 1 1 0 1 1 0
38 3 0 0 2 1 0 1 0 0
40 4 0 0 3 0 0 0 0 0
fl=/build/glibc-bfm8X4/glibc-2.23/misc/sbrk.c
fn=sbrk
34 8 2 1 0 0 0 6 0 0
42 11 0 0 5 3 1 0 0 0
43 6 1 1 1 0 0 1 1 0
46 4 0 0 0 0 0 0 0 0
50 6 0 0 0 0 0 0 0 0
58 4 0 0 0 0 0 1 0 0
62 10 2 1 8 0 0 0 0 0
fl=/build/glibc-bfm8X4/glibc-2.23/posix/../sysdeps/unix/syscall-template.S
fn=uname
84 4 1 1 0 0 0 0 0 0
85 1 0 0 1 0 0 0 0 0
fl=/build/glibc-bfm8X4/glibc-2.23/setjmp/../sysdeps/x86_64/bsd-_setjmp.S
fn=_setjmp
30 1 1 1 0 0 0 0 0 0
32 1 0 0 0 0 0 0 0 0
fl=/build/glibc-bfm8X4/glibc-2.23/setjmp/../sysdeps/x86_64/setjmp.S
fn=__sigsetjmp
26 4 4 2 0 0 0 4 2 0
35 4 0 0 0 0 0 0 0 0
36 8 1 1 4 4 0 0 0 0
37 4 0 0 0 0 0 4 0 0
41 4 0 0 0 0 0 4 0 0
42 4 0 0 0 0 0 4 0 0
43 4 0 0 0 0 0 4 0 0
44 4 0 0 0 0 0 4 0 0
45 4 0 0 0 0 0 0 0 0
47 8 3 1 4 0 0 0 0 0
49 4 0 0 0 0 0 4 2 1
50 4 0 0 4 0 0 0 0 0
51 4 0 0 0 0 0 0 0 0
53 8 0 0 4 0 0 0 0 0
55 4 1 1 0 0 0 4 0 0
59 3 0 0 0 0 0 0 0 0
60 3 0 0 3 0 0 0 0 0
64 1 0 0 0 0 0 0 0 0
fl=/build/glibc-bfm8X4/glibc-2.23/setjmp/sigjmp.c
fn=__sigjmp_save
28 3 0 0 0 0 0 1 0 0
29 3 0 0 0 0 0 1 1 0
34 3 0 0 2 0 0 0 0 0
fl=/build/glibc-bfm8X4/glibc-2.23/stdio-common/_itoa.c
fn=_itoa_word
168 4 2 2 0 0 0 0 0 0
170 2 0 0 0 0 0 0 0 0
179 26 1 1 2 2 1 2 2 0
188 2 0 0 1 0 0 0 0 0
fl=/build/glibc-bfm8X4/glibc-2.23/stdio-common/printf-parse.h
fn=vfprintf
108 10 0 0 0 0 0 5 1 0
fl=/build/glibc-bfm8X4/glibc-2.23/stdio-common/printf.c
fn=printf
28 8 1 1 0 0 0 5 1 0
32 6 2 2 0 0 0 4 0 0
33 5 0 0 2 2 0 1 0 0
37 2 1 0 1 1 0 0 0 0
fl=/build/glibc-bfm8X4/glibc-2.23/stdio-common/vfprintf.c
fn=vfprintf
1236 8 2 2 0 0 0 6 0 0
1267 3 0 0 2 2 0 1 1 0
1275 4 0 0 1 1 0 1 0 0
1279 5 0 0 1 1 0 0 0 0
1290 5 1 1 0 0 0 0 0 0
1301 6 1 1 3 1 0 3 1 0
1312 1 0 0 0 0 0 1 0 0
1316 10 2 2 3 1 1 2 0 0
1317 14 1 1 7 4 1 1 0 0
1320 15 3 2 3 3 0 2 0 0
1324 3 1 1 2 0 0 0 0 0
1328 12 3 3 3 2 0 5 1 0
1349 1 0 0 0 0 0 1 0 0
1350 1 1 1 0 0 0 1 0 0
1351 1 0 0 0 0 0 1 0 0
1352 1 0 0 0 0 0 1 0 0
1353 1 0 0 0 0 0 1 0 0
1354 1 0 0 0 0 0 1 0 0
1355 1 1 1 0 0 0 1 0 0
1356 1 0 0 0 0 0 1 0 0
1357 1 0 0 0 0 0 1 0 0
1358 1 0 0 0 0 0 1 0 0
1359 1 0 0 0 0 0 1 0 0
1362 1 0 0 0 0 0 1 0 0
1363 1 1 1 0 0 0 1 0 0
1366 1 0 0 0 0 0 0 0 0
1367 4 0 0 1 0 0 1 0 0
1370 16 1 1 3 3 2 1 0 0
1531 2 0 0 0 0 0 1 1 0
1552 2 0 0 0 0 0 1 1 0
1603 1 0 0 0 0 0 1 0 0
1604 18 2 2 4 1 1 1 0 0
1631 127 20 20 47 3 0 22 0 0
1632 4 0 0 1 0 0 1 0 0
1649 1 1 1 1 0 0 0 0 0
1651 2 0 0 0 0 0 0 0 0
1659 4 1 1 1 0 0 2 0 0
1663 25 2 2 7 0 0 3 0 0
1665 3 0 0 1 0 0 0 0 0
1685 10 2 1 5 2 0 1 0 0
1686 2 0 0 0 0 0 0 0 0
1688 1 0 0 0 0 0 0 0 0
1689 8 1 0 7 1 0 0 0 0
fl=/build/glibc-bfm8X4/glibc-2.23/stdlib/../stdlib/strtol.c
fn=strtol
106 4 1 1 2 2 0 0 0 0
fl=/build/glibc-bfm8X4/glibc-2.23/stdlib/../stdlib/strtol_l.c
fn=____strtol_l_internal
227 9 1 1 0 0 0 6 0 0
247 1 1 1 0 0 0 0 0 0
253 2 0 0 0 0 0 0 0 0
274 1 1 1 0 0 0 0 0 0
275 1 0 0 0 0 0 0 0 0
284 4 0 0 0 0 0 0 0 0
293 6 0 0 3 3 1 0 0 0
295 2 1 1 0 0 0 0 0 0
299 1 0 0 0 0 0 1 0 0
300 2 0 0 0 0 0 0 0 0
305 2 0 0 0 0 0 0 0 0
309 2 0 0 0 0 0 0 0 0
319 2 0 0 0 0 0 0 0 0
326 2 1 1 0 0 0 0 0 0
329 3 1 1 0 0 0 1 1 0
348 4 2 2 0 0 0 1 0 0
371 1 0 0 0 0 0 0 0 0
433 10 1 1 5 1 0 0 0 0
435 25 0 0 1 0 0 0 0 0
437 15 0 0 0 0 0 0 0 0
451 5 1 1 1 0 0 2 0 0
454 1 0 0 1 1 0 0 0 0
455 4 0 0 1 0 0 0 0 0
465 15 1 1 0 0 0 0 0 0
468 20 0 0 5 0 0 0 0 0
473 7 0 0 0 0 0 1 0 0
474 20 1 1 0 0 0 0 0 0
479 2 0 0 0 0 0 0 0 0
484 2 0 0 0 0 0 0 0 0
490 2 0 0 0 0 0 0 0 0
491 3 2 2 0 0 0 0 0 0
493 3 1 1 1 0 0 0 0 0
508 2 1 1 0 0 0 0 0 0
526 8 1 1 7 0 0 0 0 0
fl=/build/glibc-bfm8X4/glibc-2.23/stdlib/atoi.c
fn=atoi
26 1 1 1 0 0 0 0 0 0
27 3 0 0 0 0 0 1 0 0
28 2 1 0 1 0 0 0 0 0
fl=/build/glibc-bfm8X4/glibc-2.23/stdlib/cxa_atexit.c
fn=__cxa_atexit
35 2 0 0 0 0 0 1 0 0
37 2 0 0 0 0 0 0 0 0
41 3 0 0 1 0 0 0 0 0
43 1 0 0 0 0 0 1 0 0
44 1 0 0 0 0 0 1 1 0
45 1 0 0 0 0 0 1 0 0
47 1 1 1 0 0 0 1 0 0
48 1 0 0 0 0 0 0 0 0
57 6 1 1 0 0 0 3 0 0
59 4 0 0 4 0 0 0 0 0
fn=__new_exitfn
73 4 1 1 0 0 0 2 0 0
79 6 1 1 2 2 2 0 0 0
81 9 1 1 2 1 0 0 0 0
83 3 1 1 1 1 0 0 0 0
91 2 0 0 0 0 0 1 0 0
112 1 1 1 0 0 0 0 0 0
113 2 1 1 0 0 0 1 0 0
126 1 1 1 0 0 0 1 0 0
127 1 0 0 1 1 1 0 0 0
130 4 0 0 2 0 0 0 0 0
133 5 0 0 3 0 0 0 0 0
fl=/build/glibc-bfm8X4/glibc-2.23/stdlib/rand.c
fn=rand
26 149817600 1 1 0 0 0 0 0 0
27 149817600 0 0 0 0 0 149817600 9140032 1144
28 299635200 0 0 149817600 149817600 0 0 0 0
fl=/build/glibc-bfm8X4/glibc-2.23/stdlib/random.c
fn=random
288 149817600 1 1 0 0 0 0 0 0
291 898905600 0 0 299635200 159052873 2288 0 0 0
293 449452800 1 1 0 0 0 149817600 0 0
295 599270400 0 0 299635200 0 0 0 0 0
297 149817600 1 1 149817600 0 0 0 0 0
298 299635200 0 0 149817600 0 0 0 0 0
fn=srand
209 2 1 1 0 0 0 0 0 0
210 6 0 0 2 2 1 0 0 0
211 3 1 1 0 0 0 1 0 0
212 4 0 0 2 0 0 0 0 0
213 2 1 1 1 1 0 0 0 0
fl=/build/glibc-bfm8X4/glibc-2.23/stdlib/random_r.c
fn=random_r
357 599271640 1 1 0 0 0 0 0 0
360 444620895 1 1 149817910 0 0 0 0 0
362 449453730 0 0 149817910 9234937 1144 0 0 0
371 149817910 0 0 149817910 0 0 0 0 0
372 149817910 0 0 149817910 0 0 0 0 0
373 149817910 0 0 149817910 9235273 1144 0 0 0
376 449453730 0 0 299635820 12885433 1650 149817910 0 0
378 299635820 0 0 0 0 0 149817910 0 0
379 149817910 0 0 0 0 0 0 0 0
380 299635820 0 0 0 0 0 0 0 0
383 149817910 0 0 0 0 0 0 0 0
391 149817910 0 0 0 0 0 149817910 0 0
392 294802985 0 0 144985075 0 0 149817910 0 0
394 154650745 0 0 4832835 0 0 0 0 0
fn=srandom_r
162 4 1 1 0 0 0 3 0 0
170 2 0 0 0 0 0 0 0 0
172 1 0 0 1 1 0 0 0 0
173 2 0 0 0 0 0 0 0 0
176 1 1 1 1 0 0 0 0 0
178 3 0 0 0 0 0 0 0 0
180 1 0 0 0 0 0 1 1 0
181 2 0 0 0 0 0 0 0 0
186 2 0 0 1 0 0 0 0 0
187 94 0 0 0 0 0 0 0 0
194 361 1 1 0 0 0 0 0 0
196 90 0 0 0 0 0 0 0 0
197 30 0 0 0 0 0 30 2 2
200 4 1 1 1 1 0 1 0 0
201 2 0 0 0 0 0 1 0 0
202 1 0 0 0 0 0 0 0 0
203 934 0 0 0 0 0 0 0 0
206 930 0 0 0 0 0 310 0 0
210 1 0 0 0 0 0 0 0 0
214 5 0 0 4 0 0 0 0 0
fl=/build/glibc-bfm8X4/glibc-2.23/string/../bits/stdlib-bsearch.h
fn=intel_check_word
27 8 0 0 0 0 0 0 0 0
28 16 0 0 0 0 0 0 0 0
29 112 0 0 0 0 0 0 0 0
31 152 0 0 0 0 0 0 0 0
32 54 0 0 0 0 0 0 0 0
37 10 1 1 0 0 0 0 0 0
fl=/build/glibc-bfm8X4/glibc-2.23/string/../sysdeps/x86_64/cacheinfo.c
fn=handle_intel
261 16 0 0 0 0 0 12 0 0
262 4 1 1 0 0 0 0 0 0
273 6 0 0 0 0 0 2 1 0
275 2 1 1 0 0 0 2 0 0
276 4 0 0 0 0 0 2 0 0
278 2 0 0 0 0 0 0 0 0
284 10 2 1 0 0 0 2 0 0
289 4 0 0 0 0 0 0 0 0
291 6 0 0 0 0 0 2 0 0
292 2 0 0 0 0 0 0 0 0
296 8 0 0 0 0 0 2 0 0
297 4 0 0 0 0 0 0 0 0
300 10 2 1 0 0 0 2 0 0
301 4 0 0 0 0 0 0 0 0
318 16 1 1 14 0 0 0 0 0
fn=init_cacheinfo
482 5 1 1 0 0 0 5 0 0
494 4 0 0 2 2 0 0 0 0
496 5 0 0 1 0 0 1 0 0
499 1 0 0 0 0 0 0 0 0
500 4 2 1 0 0 0 1 0 0
502 2 1 0 0 0 0 0 0 0
511 2 0 0 0 0 0 0 0 0
513 1 0 0 1 0 0 0 0 0
514 1 0 0 1 0 0 0 0 0
516 1 0 0 0 0 0 0 0 0
521 18 1 1 0 0 0 0 0 0
527 8 0 0 0 0 0 0 0 0
530 20 0 0 0 0 0 0 0 0
532 1 1 1 0 0 0 0 0 0
538 6 0 0 0 0 0 0 0 0
545 11 1 1 0 0 0 0 0 0
547 2 0 0 0 0 0 0 0 0
548 2 0 0 0 0 0 0 0 0
549 8 0 0 0 0 0 0 0 0
551 4 0 0 0 0 0 0 0 0
556 1 0 0 0 0 0 0 0 0
558 3 0 0 0 0 0 0 0 0
559 4 0 0 0 0 0 0 0 0
564 2 0 0 0 0 0 0 0 0
565 6 1 1 0 0 0 0 0 0
596 4 0 0 0 0 0 0 0 0
597 5 0 0 0 0 0 0 0 0
652 2 0 0 0 0 0 0 0 0
654 3 1 1 0 0 0 1 0 0
655 1 0 0 0 0 0 1 1 1
657 1 0 0 0 0 0 0 0 0
658 3 0 0 0 0 0 1 0 0
659 1 0 0 0 0 0 1 0 0
662 2 0 0 0 0 0 0 0 0
664 3 0 0 0 0 0 1 0 0
665 1 0 0 0 0 0 1 0 0
667 1 1 1 0 0 0 0 0 0
668 3 0 0 0 0 0 1 0 0
669 1 0 0 0 0 0 1 0 0
671 6 0 0 6 0 0 0 0 0
fn=intel_check_word
121 108 0 0 54 6 6 0 0 0
124 54 1 1 0 0 0 0 0 0
132 24 0 0 0 0 0 16 0 0
133 8 1 1 0 0 0 0 0 0
135 2 0 0 0 0 0 0 0 0
139 28 1 1 0 0 0 0 0 0
141 24 0 0 0 0 0 0 0 0
143 10 0 0 0 0 0 0 0 0
145 20 0 0 0 0 0 0 0 0
153 20 1 1 0 0 0 0 0 0
165 17 1 1 0 0 0 0 0 0
168 15 0 0 0 0 0 0 0 0
172 10 1 1 0 0 0 0 0 0
174 10 0 0 0 0 0 0 0 0
175 26 0 0 0 0 0 0 0 0
177 21 0 0 0 0 0 0 0 0
178 10 0 0 0 0 0 0 0 0
179 10 0 0 0 0 0 0 0 0
180 6 0 0 0 0 0 0 0 0
182 2 1 1 0 0 0 0 0 0
184 4 0 0 0 0 0 0 0 0
186 32 2 2 0 0 0 0 0 0
197 3 0 0 0 0 0 0 0 0
204 16 0 0 0 0 0 0 0 0
209 8 0 0 4 0 0 0 0 0
212 24 0 0 8 1 0 0 0 0
226 8 0 0 0 0 0 0 0 0
251 8 0 0 0 0 0 0 0 0
256 24 0 0 20 0 0 0 0 0
fl=/build/glibc-bfm8X4/glibc-2.23/string/../sysdeps/x86_64/memcpy.S
fn=__GI_mempcpy
61 2 1 1 0 0 0 0 0 0
65 2 0 0 0 0 0 0 0 0
68 2 0 0 0 0 0 0 0 0
69 2 0 0 0 0 0 0 0 0
80 2 1 1 0 0 0 0 0 0
81 2 0 0 0 0 0 0 0 0
83 2 0 0 2 1 0 0 0 0
84 2 0 0 0 0 0 2 0 0
86 2 0 0 0 0 0 0 0 0
87 2 0 0 0 0 0 0 0 0
92 2 0 0 0 0 0 0 0 0
93 2 0 0 0 0 0 0 0 0
95 1 0 0 1 0 0 0 0 0
96 1 0 0 0 0 0 1 0 0
98 1 0 0 0 0 0 0 0 0
99 1 0 0 0 0 0 0 0 0
104 2 0 0 0 0 0 0 0 0
105 2 0 0 0 0 0 0 0 0
116 2 1 1 0 0 0 0 0 0
117 2 0 0 0 0 0 0 0 0
138 2 0 0 0 0 0 0 0 0
142 2 0 0 2 0 0 0 0 0
fn=mempcpy
61 17 5 1 0 0 0 0 0 0
65 17 0 0 0 0 0 0 0 0
68 16 0 0 0 0 0 0 0 0
69 16 0 0 0 0 0 0 0 0
71 7 0 0 7 3 2 0 0 0
72 7 0 0 0 0 0 7 1 1
74 7 3 1 0 0 0 0 0 0
75 7 0 0 0 0 0 0 0 0
80 16 2 0 0 0 0 0 0 0
81 16 0 0 0 0 0 0 0 0
83 10 0 0 10 1 0 0 0 0
84 10 0 0 0 0 0 10 0 0
86 10 0 0 0 0 0 0 0 0
87 10 0 0 0 0 0 0 0 0
92 16 0 0 0 0 0 0 0 0
93 16 0 0 0 0 0 0 0 0
95 5 0 0 5 0 0 0 0 0
96 5 0 0 0 0 0 5 0 0
98 5 0 0 0 0 0 0 0 0
99 5 0 0 0 0 0 0 0 0
104 16 0 0 0 0 0 0 0 0
105 16 0 0 0 0 0 0 0 0
107 7 0 0 7 0 0 0 0 0
108 7 0 0 0 0 0 7 1 1
110 7 0 0 0 0 0 0 0 0
111 14 0 0 0 0 0 0 0 0
116 16 4 1 0 0 0 0 0 0
117 18 0 0 0 0 0 0 0 0
122 2 0 0 2 1 0 0 0 0
123 2 0 0 2 0 0 0 0 0
124 2 0 0 0 0 0 2 1 1
125 2 0 0 0 0 0 2 0 0
127 2 0 0 0 0 0 0 0 0
129 2 0 0 0 0 0 0 0 0
130 2 0 0 0 0 0 0 0 0
132 2 0 0 0 0 0 0 0 0
138 16 0 0 0 0 0 0 0 0
142 16 0 0 16 1 0 0 0 0
154 2 2 0 0 0 0 0 0 0
156 2 0 0 0 0 0 0 0 0
157 2 0 0 0 0 0 0 0 0
183 2 2 1 0 0 0 0 0 0
184 2 0 0 0 0 0 0 0 0
187 2 0 0 0 0 0 0 0 0
188 2 0 0 0 0 0 0 0 0
189 2 0 0 0 0 0 0 0 0
194 2 0 0 0 0 0 0 0 0
196 2 0 0 2 0 0 0 0 0
197 2 0 0 2 0 0 0 0 0
198 2 0 0 2 0 0 0 0 0
199 2 2 1 2 0 0 0 0 0
201 2 0 0 0 0 0 2 0 0
202 2 0 0 0 0 0 2 1 1
203 2 0 0 0 0 0 2 0 0
204 2 0 0 0 0 0 2 1 1
206 2 0 0 0 0 0 0 0 0
207 2 0 0 0 0 0 0 0 0
209 2 0 0 0 0 0 0 0 0
231 2 2 1 0 0 0 0 0 0
233 2 0 0 0 0 0 0 0 0
235 1 0 0 0 0 0 0 0 0
242 1 0 0 1 0 0 0 0 0
fl=/build/glibc-bfm8X4/glibc-2.23/string/../sysdeps/x86_64/multiarch/../memcmp.S
fn=bcmp
24 13 5 1 0 0 0 0 0 0
25 13 0 0 0 0 0 0 0 0
26 13 0 0 0 0 0 0 0 0
27 13 0 0 0 0 0 0 0 0
28 13 0 0 0 0 0 0 0 0
29 13 0 0 0 0 0 0 0 0
30 13 0 0 0 0 0 0 0 0
31 13 3 1 0 0 0 0 0 0
34 13 0 0 0 0 0 0 0 0
35 13 0 0 0 0 0 0 0 0
36 5 0 0 5 1 1 0 0 0
37 5 0 0 5 3 3 0 0 0
38 5 0 0 0 0 0 0 0 0
39 5 0 0 0 0 0 0 0 0
40 5 0 0 0 0 0 0 0 0
41 5 0 0 0 0 0 0 0 0
42 5 0 0 0 0 0 0 0 0
44 12 0 0 0 0 0 0 0 0
45 12 0 0 0 0 0 0 0 0
46 4 0 0 4 0 0 0 0 0
47 4 0 0 4 0 0 0 0 0
48 4 0 0 0 0 0 0 0 0
49 4 0 0 0 0 0 0 0 0
50 4 1 0 0 0 0 0 0 0
51 4 0 0 0 0 0 0 0 0
52 4 0 0 0 0 0 0 0 0
54 12 3 1 0 0 0 0 0 0
55 12 0 0 0 0 0 0 0 0
56 5 0 0 5 1 1 0 0 0
57 5 0 0 5 1 1 0 0 0
58 5 0 0 0 0 0 0 0 0
59 5 0 0 0 0 0 0 0 0
60 2 0 0 0 0 0 0 0 0
61 2 0 0 0 0 0 0 0 0
62 2 0 0 0 0 0 0 0 0
64 9 0 0 0 0 0 0 0 0
65 9 0 0 0 0 0 0 0 0
66 5 0 0 5 0 0 0 0 0
67 5 0 0 5 3 2 0 0 0
68 5 0 0 0 0 0 0 0 0
69 5 0 0 0 0 0 0 0 0
74 4 0 0 4 2 2 0 0 0
75 4 0 0 4 0 0 0 0 0
76 4 0 0 0 0 0 0 0 0
77 4 0 0 0 0 0 0 0 0
78 4 0 0 0 0 0 0 0 0
79 4 0 0 0 0 0 0 0 0
80 4 0 0 0 0 0 0 0 0
81 2 0 0 0 0 0 0 0 0
82 2 0 0 0 0 0 0 0 0
83 2 0 0 2 0 0 0 0 0
84 2 0 0 2 0 0 0 0 0
85 2 0 0 0 0 0 0 0 0
92 2 0 0 0 0 0 0 0 0
94 3 1 0 3 0 0 0 0 0
98 8 4 1 0 0 0 0 0 0
99 8 0 0 0 0 0 0 0 0
100 1 1 0 0 0 0 0 0 0
101 1 0 0 0 0 0 0 0 0
102 1 0 0 0 0 0 0 0 0
103 1 0 0 0 0 0 0 0 0
104 1 0 0 0 0 0 0 0 0
105 1 0 0 0 0 0 0 0 0
106 1 0 0 0 0 0 0 0 0
107 1 0 0 0 0 0 0 0 0
108 1 0 0 0 0 0 0 0 0
109 1 0 0 0 0 0 0 0 0
110 1 0 0 1 0 0 0 0 0
114 9 3 1 0 0 0 0 0 0
115 9 0 0 9 0 0 0 0 0
fl=/build/glibc-bfm8X4/glibc-2.23/string/../sysdeps/x86_64/multiarch/../memcpy.S
fn=memcpy
61 14 12 1 0 0 0 0 0 0
63 14 0 0 0 0 0 0 0 0
65 14 0 0 0 0 0 0 0 0
68 12 0 0 0 0 0 0 0 0
69 12 0 0 0 0 0 0 0 0
71 4 0 0 4 1 0 0 0 0
72 4 0 0 0 0 0 4 2 2
74 4 0 0 0 0 0 0 0 0
75 4 0 0 0 0 0 0 0 0
80 12 0 0 0 0 0 0 0 0
81 12 0 0 0 0 0 0 0 0
83 4 4 0 4 0 0 0 0 0
84 4 0 0 0 0 0 4 1 1
86 4 0 0 0 0 0 0 0 0
87 8 0 0 0 0 0 0 0 0
92 12 5 1 0 0 0 0 0 0
93 12 0 0 0 0 0 0 0 0
95 3 0 0 3 0 0 0 0 0
96 3 0 0 0 0 0 3 0 0
98 3 0 0 0 0 0 0 0 0
99 3 0 0 0 0 0 0 0 0
104 12 0 0 0 0 0 0 0 0
105 12 0 0 0 0 0 0 0 0
107 7 0 0 7 0 0 0 0 0
108 7 0 0 0 0 0 7 0 0
110 7 0 0 0 0 0 0 0 0
111 7 0 0 0 0 0 0 0 0
116 12 0 0 0 0 0 0 0 0
117 17 0 0 0 0 0 0 0 0
122 5 0 0 5 0 0 0 0 0
123 5 0 0 5 0 0 0 0 0
124 5 0 0 0 0 0 5 0 0
125 5 0 0 0 0 0 5 1 1
127 5 0 0 0 0 0 0 0 0
129 5 0 0 0 0 0 0 0 0
130 5 0 0 0 0 0 0 0 0
132 5 0 0 0 0 0 0 0 0
140 12 5 1 12 0 0 0 0 0
148 6 6 0 0 0 0 6 0 0
154 6 0 0 0 0 0 0 0 0
156 6 0 0 0 0 0 0 0 0
157 6 0 0 0 0 0 0 0 0
160 2 0 0 0 0 0 0 0 0
161 6 0 0 0 0 0 0 0 0
166 8 2 1 8 0 0 0 0 0
167 8 0 0 0 0 0 8 1 1
169 8 0 0 0 0 0 0 0 0
171 8 0 0 0 0 0 0 0 0
172 8 0 0 0 0 0 0 0 0
174 12 0 0 0 0 0 0 0 0
183 6 4 0 0 0 0 0 0 0
184 6 0 0 0 0 0 0 0 0
187 6 0 0 0 0 0 0 0 0
188 6 0 0 0 0 0 0 0 0
189 6 0 0 0 0 0 0 0 0
194 5 0 0 0 0 0 0 0 0
196 5 0 0 5 0 0 0 0 0
197 5 0 0 5 0 0 0 0 0
198 5 0 0 5 0 0 0 0 0
199 5 5 1 5 0 0 0 0 0
201 5 0 0 0 0 0 5 3 1
202 5 0 0 0 0 0 5 0 0
203 5 0 0 0 0 0 5 0 0
204 5 0 0 0 0 0 5 1 1
206 5 0 0 0 0 0 0 0 0
207 5 0 0 0 0 0 0 0 0
209 5 0 0 0 0 0 0 0 0
231 6 5 1 0 0 0 0 0 0
237 6 0 0 6 0 0 0 0 0
238 6 0 0 0 0 0 0 0 0
240 2 0 0 2 0 0 0 0 0
fl=/build/glibc-bfm8X4/glibc-2.23/string/../sysdeps/x86_64/multiarch/../memset.S
fn=memset
53 10 5 1 0 0 0 0 0 0
54 10 0 0 0 0 0 0 0 0
55 10 0 0 0 0 0 0 0 0
56 10 0 0 0 0 0 0 0 0
57 10 0 0 0 0 0 0 0 0
59 10 0 0 0 0 0 0 0 0
60 10 0 0 0 0 0 0 0 0
61 8 0 0 0 0 0 0 0 0
62 8 0 0 0 0 0 0 0 0
77 2 2 1 0 0 0 0 0 0
78 2 0 0 0 0 0 2 1 1
79 2 0 0 0 0 0 0 0 0
80 2 0 0 0 0 0 2 2 2
81 2 0 0 0 0 0 2 0 0
82 2 0 0 0 0 0 2 0 0
83 2 0 0 0 0 0 2 1 1
84 2 0 0 0 0 0 2 0 0
85 2 0 0 0 0 0 2 0 0
86 2 2 0 0 0 0 2 0 0
87 2 0 0 0 0 0 0 0 0
88 2 0 0 0 0 0 0 0 0
89 2 0 0 0 0 0 0 0 0
90 4 0 0 0 0 0 0 0 0
93 36 0 0 0 0 0 36 34 33
94 36 0 0 0 0 0 36 0 0
95 36 0 0 0 0 0 36 0 0
96 36 0 0 0 0 0 36 0 0
97 36 0 0 0 0 0 0 0 0
98 36 0 0 0 0 0 0 0 0
99 36 0 0 0 0 0 0 0 0
100 2 0 0 2 1 0 0 0 0
103 8 3 1 0 0 0 0 0 0
104 8 0 0 0 0 0 0 0 0
105 8 0 0 0 0 0 0 0 0
106 2 0 0 0 0 0 0 0 0
107 2 0 0 0 0 0 0 0 0
108 1 0 0 0 0 0 0 0 0
109 1 0 0 0 0 0 0 0 0
112 1 0 0 0 0 0 0 0 0
113 1 0 0 0 0 0 0 0 0
114 1 0 0 0 0 0 1 0 0
115 1 0 0 1 0 0 0 0 0
117 1 0 0 0 0 0 1 0 0
118 1 0 0 0 0 0 1 0 0
119 1 0 0 1 0 0 0 0 0
121 6 2 0 0 0 0 6 1 1
122 6 0 0 0 0 0 6 1 1
123 6 0 0 6 0 0 0 0 0
fl=/build/glibc-bfm8X4/glibc-2.23/string/../sysdeps/x86_64/multiarch/../strchr.S
fn=index
24 7 4 1 0 0 0 0 0 0
25 7 0 0 0 0 0 0 0 0
26 7 0 0 0 0 0 0 0 0
27 7 0 0 0 0 0 0 0 0
28 7 0 0 0 0 0 0 0 0
29 7 0 0 0 0 0 0 0 0
30 7 0 0 0 0 0 0 0 0
31 7 4 1 0 0 0 0 0 0
32 7 0 0 7 2 2 0 0 0
33 7 0 0 0 0 0 0 0 0
34 7 0 0 0 0 0 0 0 0
35 7 0 0 0 0 0 0 0 0
36 7 0 0 0 0 0 0 0 0
37 7 0 0 0 0 0 0 0 0
38 7 0 0 0 0 0 0 0 0
39 7 0 0 0 0 0 0 0 0
40 7 0 0 0 0 0 0 0 0
41 5 0 0 0 0 0 0 0 0
45 5 0 0 0 0 0 0 0 0
46 5 0 0 0 0 0 0 0 0
47 5 0 0 5 0 0 0 0 0
48 5 0 0 0 0 0 0 0 0
50 5 0 0 5 0 0 0 0 0
54 2 0 0 2 1 1 0 0 0
55 2 2 1 0 0 0 0 0 0
56 2 0 0 0 0 0 0 0 0
57 2 0 0 0 0 0 0 0 0
58 2 0 0 0 0 0 0 0 0
59 2 0 0 0 0 0 0 0 0
60 2 0 0 2 0 0 0 0 0
61 2 0 0 0 0 0 0 0 0
62 2 0 0 0 0 0 0 0 0
63 2 0 0 0 0 0 0 0 0
64 2 0 0 0 0 0 0 0 0
65 2 0 0 0 0 0 0 0 0
66 2 0 0 0 0 0 0 0 0
67 2 0 0 2 1 1 0 0 0
68 2 0 0 0 0 0 0 0 0
69 2 0 0 0 0 0 0 0 0
70 2 0 0 0 0 0 0 0 0
71 2 2 1 0 0 0 0 0 0
72 2 0 0 0 0 0 0 0 0
73 2 0 0 0 0 0 0 0 0
74 2 0 0 0 0 0 0 0 0
75 2 0 0 0 0 0 0 0 0
76 2 0 0 0 0 0 0 0 0
77 2 0 0 0 0 0 0 0 0
129 2 2 1 0 0 0 0 0 0
133 2 0 0 0 0 0 0 0 0
134 2 0 0 0 0 0 0 0 0
135 2 0 0 2 0 0 0 0 0
136 2 0 0 0 0 0 0 0 0
138 2 0 0 2 0 0 0 0 0
fl=/build/glibc-bfm8X4/glibc-2.23/string/../sysdeps/x86_64/multiarch/../strcmp.S
fn=strcmp
144 196 89 2 0 0 0 0 0 0
145 196 0 0 0 0 0 0 0 0
147 196 0 0 0 0 0 0 0 0
148 196 0 0 0 0 0 0 0 0
169 196 0 0 0 0 0 0 0 0
170 196 0 0 0 0 0 0 0 0
171 145 0 0 0 0 0 0 0 0
172 145 0 0 0 0 0 0 0 0
173 139 0 0 139 49 11 0 0 0
174 139 0 0 139 58 3 0 0 0
175 139 0 0 139 0 0 0 0 0
176 139 0 0 139 0 0 0 0 0
197 139 0 0 0 0 0 0 0 0
198 139 0 0 0 0 0 0 0 0
199 139 0 0 0 0 0 0 0 0
200 139 0 0 0 0 0 0 0 0
201 139 0 0 0 0 0 0 0 0
202 139 70 0 0 0 0 0 0 0
203 139 0 0 0 0 0 0 0 0
208 5 0 0 0 0 0 0 0 0
209 5 0 0 0 0 0 0 0 0
218 62 19 2 0 0 0 0 0 0
219 62 0 0 0 0 0 0 0 0
220 62 0 0 0 0 0 0 0 0
221 62 0 0 0 0 0 0 0 0
222 62 0 0 0 0 0 0 0 0
223 62 0 0 0 0 0 0 0 0
224 62 0 0 0 0 0 0 0 0
225 62 0 0 0 0 0 0 0 0
226 60 0 0 0 0 0 0 0 0
227 30 0 0 0 0 0 0 0 0
228 30 0 0 0 0 0 0 0 0
229 30 0 0 0 0 0 0 0 0
231 60 0 0 0 0 0 0 0 0
232 60 0 0 0 0 0 0 0 0
233 60 19 2 0 0 0 0 0 0
234 60 0 0 60 34 4 0 0 0
235 60 0 0 0 0 0 0 0 0
236 60 0 0 0 0 0 0 0 0
246 2 0 0 2 0 0 0 0 0
247 2 0 0 0 0 0 0 0 0
248 2 0 0 0 0 0 0 0 0
250 2 0 0 2 0 0 0 0 0
256 2 0 0 0 0 0 0 0 0
257 2 0 0 0 0 0 0 0 0
258 2 0 0 0 0 0 0 0 0
259 2 0 0 0 0 0 0 0 0
260 2 0 0 0 0 0 0 0 0
265 2 0 0 0 0 0 0 0 0
696 8 8 2 0 0 0 0 0 0
697 8 0 0 8 6 1 0 0 0
698 8 0 0 8 8 1 0 0 0
699 8 0 0 0 0 0 0 0 0
700 8 8 2 0 0 0 0 0 0
702 8 0 0 0 0 0 0 0 0
703 8 0 0 0 0 0 0 0 0
704 8 0 0 0 0 0 0 0 0
705 8 0 0 0 0 0 0 0 0
706 8 0 0 0 0 0 0 0 0
707 8 0 0 0 0 0 0 0 0
708 8 0 0 0 0 0 0 0 0
709 8 0 0 8 0 0 0 0 0
713 8 0 0 0 0 0 0 0 0
714 8 0 0 0 0 0 0 0 0
715 8 0 0 0 0 0 0 0 0
721 8 0 0 0 0 0 0 0 0
722 8 0 0 0 0 0 0 0 0
723 16 8 2 0 0 0 0 0 0
727 8 0 0 0 0 0 0 0 0
728 8 0 0 0 0 0 0 0 0
731 8 0 0 8 0 0 0 0 0
732 8 0 0 8 7 0 0 0 0
733 8 0 0 0 0 0 0 0 0
736 8 0 0 0 0 0 0 0 0
737 8 0 0 0 0 0 0 0 0
738 8 0 0 0 0 0 0 0 0
744 8 0 0 0 0 0 0 0 0
745 8 0 0 0 0 0 0 0 0
746 8 8 2 0 0 0 0 0 0
747 8 0 0 0 0 0 0 0 0
748 8 0 0 0 0 0 0 0 0
749 8 0 0 0 0 0 0 0 0
1196 5 2 1 0 0 0 0 0 0
1197 5 0 0 5 3 0 0 0 0
1198 5 0 0 5 5 0 0 0 0
1199 5 0 0 0 0 0 0 0 0
1200 5 2 1 0 0 0 0 0 0
1202 5 0 0 0 0 0 0 0 0
1203 5 0 0 0 0 0 0 0 0
1204 5 0 0 0 0 0 0 0 0
1205 5 0 0 0 0 0 0 0 0
1206 5 0 0 0 0 0 0 0 0
1207 5 0 0 0 0 0 0 0 0
1208 5 0 0 0 0 0 0 0 0
1209 1 0 0 1 0 0 0 0 0
1213 1 0 0 0 0 0 0 0 0
1214 1 0 0 0 0 0 0 0 0
1215 1 0 0 0 0 0 0 0 0
1221 1 0 0 0 0 0 0 0 0
1222 1 0 0 0 0 0 0 0 0
1223 2 1 1 0 0 0 0 0 0
1227 1 0 0 0 0 0 0 0 0
1228 1 0 0 0 0 0 0 0 0
1231 1 0 0 1 1 1 0 0 0
1232 1 0 0 1 0 0 0 0 0
1233 1 0 0 0 0 0 0 0 0
1236 1 0 0 0 0 0 0 0 0
1237 1 0 0 0 0 0 0 0 0
1238 1 0 0 0 0 0 0 0 0
1244 1 0 0 0 0 0 0 0 0
1245 1 0 0 0 0 0 0 0 0
1246 1 1 1 0 0 0 0 0 0
1247 1 0 0 0 0 0 0 0 0
1248 1 0 0 0 0 0 0 0 0
1249 1 0 0 0 0 0 0 0 0
1321 40 18 2 0 0 0 0 0 0
1322 40 0 0 40 22 0 0 0 0
1323 40 0 0 40 17 1 0 0 0
1324 40 0 0 0 0 0 0 0 0
1325 40 18 2 0 0 0 0 0 0
1327 40 0 0 0 0 0 0 0 0
1328 40 0 0 0 0 0 0 0 0
1329 40 0 0 0 0 0 0 0 0
1330 40 0 0 0 0 0 0 0 0
1331 40 0 0 0 0 0 0 0 0
1332 40 0 0 0 0 0 0 0 0
1333 40 0 0 0 0 0 0 0 0
1334 2 0 0 2 0 0 0 0 0
1338 2 0 0 0 0 0 0 0 0
1339 2 0 0 0 0 0 0 0 0
1340 2 0 0 0 0 0 0 0 0
1346 2 0 0 0 0 0 0 0 0
1347 2 0 0 0 0 0 0 0 0
1348 4 2 1 0 0 0 0 0 0
1352 2 0 0 0 0 0 0 0 0
1353 2 0 0 0 0 0 0 0 0
1356 2 0 0 2 0 0 0 0 0
1357 2 0 0 2 2 1 0 0 0
1358 2 0 0 0 0 0 0 0 0
1361 2 0 0 0 0 0 0 0 0
1362 2 0 0 0 0 0 0 0 0
1363 2 0 0 0 0 0 0 0 0
1369 2 0 0 0 0 0 0 0 0
1370 2 0 0 0 0 0 0 0 0
1371 2 2 1 0 0 0 0 0 0
1372 2 0 0 0 0 0 0 0 0
1373 2 0 0 0 0 0 0 0 0
1374 2 0 0 0 0 0 0 0 0
1571 1 1 1 0 0 0 0 0 0
1572 1 0 0 1 1 0 0 0 0
1573 1 0 0 1 1 0 0 0 0
1574 1 0 0 0 0 0 0 0 0
1575 1 1 1 0 0 0 0 0 0
1577 1 0 0 0 0 0 0 0 0
1578 1 0 0 0 0 0 0 0 0
1579 1 0 0 0 0 0 0 0 0
1580 1 0 0 0 0 0 0 0 0
1581 1 0 0 0 0 0 0 0 0
1582 1 0 0 0 0 0 0 0 0
1583 1 0 0 0 0 0 0 0 0
1696 2 2 1 0 0 0 0 0 0
1697 2 0 0 2 2 1 0 0 0
1698 2 0 0 2 2 1 0 0 0
1699 2 0 0 0 0 0 0 0 0
1700 2 2 1 0 0 0 0 0 0
1702 2 0 0 0 0 0 0 0 0
1703 2 0 0 0 0 0 0 0 0
1704 2 0 0 0 0 0 0 0 0
1705 2 0 0 0 0 0 0 0 0
1706 2 0 0 0 0 0 0 0 0
1707 2 0 0 0 0 0 0 0 0
1708 2 0 0 0 0 0 0 0 0
1709 1 0 0 1 0 0 0 0 0
1713 1 0 0 0 0 0 0 0 0
1714 1 0 0 0 0 0 0 0 0
1715 1 0 0 0 0 0 0 0 0
1721 1 0 0 0 0 0 0 0 0
1722 1 0 0 0 0 0 0 0 0
1723 2 1 1 0 0 0 0 0 0
1727 1 0 0 0 0 0 0 0 0
1728 1 0 0 0 0 0 0 0 0
1731 1 0 0 1 1 0 0 0 0
1732 1 0 0 1 0 0 0 0 0
1733 1 0 0 0 0 0 0 0 0
1736 1 0 0 0 0 0 0 0 0
1737 1 0 0 0 0 0 0 0 0
1738 1 0 0 0 0 0 0 0 0
1744 1 0 0 0 0 0 0 0 0
1745 1 0 0 0 0 0 0 0 0
1746 1 1 1 0 0 0 0 0 0
1747 1 0 0 0 0 0 0 0 0
1748 1 0 0 0 0 0 0 0 0
1749 1 0 0 0 0 0 0 0 0
1821 3 3 1 0 0 0 0 0 0
1822 3 0 0 3 1 0 0 0 0
1823 3 0 0 3 1 0 0 0 0
1824 3 0 0 0 0 0 0 0 0
1825 3 3 1 0 0 0 0 0 0
1827 3 0 0 0 0 0 0 0 0
1828 3 0 0 0 0 0 0 0 0
1829 3 0 0 0 0 0 0 0 0
1830 3 0 0 0 0 0 0 0 0
1831 3 0 0 0 0 0 0 0 0
1832 3 0 0 0 0 0 0 0 0
1833 3 0 0 0 0 0 0 0 0
1834 3 0 0 3 0 0 0 0 0
1838 3 0 0 0 0 0 0 0 0
1839 3 0 0 0 0 0 0 0 0
1840 3 0 0 0 0 0 0 0 0
1846 3 0 0 0 0 0 0 0 0
1847 3 0 0 0 0 0 0 0 0
1848 6 3 1 0 0 0 0 0 0
1852 3 0 0 0 0 0 0 0 0
1853 3 0 0 0 0 0 0 0 0
1856 3 0 0 3 1 0 0 0 0
1857 3 0 0 3 3 1 0 0 0
1858 3 0 0 0 0 0 0 0 0
1861 3 0 0 0 0 0 0 0 0
1862 3 0 0 0 0 0 0 0 0
1863 3 0 0 0 0 0 0 0 0
1869 3 0 0 0 0 0 0 0 0
1870 3 0 0 0 0 0 0 0 0
1871 3 3 1 0 0 0 0 0 0
1872 3 0 0 0 0 0 0 0 0
1873 3 0 0 0 0 0 0 0 0
1874 3 0 0 0 0 0 0 0 0
1946 1 1 1 0 0 0 0 0 0
1947 1 0 0 1 0 0 0 0 0
1948 1 0 0 1 0 0 0 0 0
1949 1 0 0 0 0 0 0 0 0
1950 1 1 1 0 0 0 0 0 0
1952 1 0 0 0 0 0 0 0 0
1953 1 0 0 0 0 0 0 0 0
1954 1 0 0 0 0 0 0 0 0
1955 1 0 0 0 0 0 0 0 0
1956 1 0 0 0 0 0 0 0 0
1957 1 0 0 0 0 0 0 0 0
1958 1 0 0 0 0 0 0 0 0
1959 1 0 0 1 0 0 0 0 0
1963 1 0 0 0 0 0 0 0 0
1964 1 0 0 0 0 0 0 0 0
1965 1 0 0 0 0 0 0 0 0
1971 1 0 0 0 0 0 0 0 0
1972 1 0 0 0 0 0 0 0 0
1973 2 1 1 0 0 0 0 0 0
1977 1 0 0 0 0 0 0 0 0
1978 1 0 0 0 0 0 0 0 0
1981 1 0 0 1 1 0 0 0 0
1982 1 0 0 1 1 1 0 0 0
1983 1 0 0 0 0 0 0 0 0
1986 1 0 0 0 0 0 0 0 0
1987 1 0 0 0 0 0 0 0 0
1988 1 0 0 0 0 0 0 0 0
1994 1 0 0 0 0 0 0 0 0
1995 1 0 0 0 0 0 0 0 0
1996 1 1 1 0 0 0 0 0 0
1997 1 0 0 0 0 0 0 0 0
1998 1 0 0 0 0 0 0 0 0
1999 1 0 0 0 0 0 0 0 0
2200 16 9 0 0 0 0 0 0 0
2202 62 22 2 0 0 0 0 0 0
2203 62 0 0 0 0 0 0 0 0
2204 62 0 0 0 0 0 0 0 0
2205 62 28 2 0 0 0 0 0 0
2206 90 0 0 0 0 0 0 0 0
2211 196 93 0 0 0 0 0 0 0
2217 196 0 0 196 0 0 0 0 0
2218 196 0 0 196 2 0 0 0 0
2226 196 0 0 0 0 0 0 0 0
2227 196 0 0 196 1 0 0 0 0
fl=/build/glibc-bfm8X4/glibc-2.23/string/../sysdeps/x86_64/multiarch/strcmp.S
fn=strcasecmp
109 1 1 1 1 1 0 0 0 0
110 1 0 0 0 0 0 0 0 0
111 1 0 0 1 1 0 0 0 0
112 1 0 0 0 0 0 0 0 0
122 1 1 1 1 0 0 0 0 0
fn=strncasecmp
129 1 1 1 1 0 0 0 0 0
130 1 0 0 0 0 0 0 0 0
131 1 1 1 1 0 0 0 0 0
132 1 0 0 0 0 0 0 0 0
142 1 1 1 1 0 0 0 0 0
fl=/build/glibc-bfm8X4/glibc-2.23/string/../sysdeps/x86_64/multiarch/strcspn.S
fn=strcspn
45 1 1 1 1 0 0 0 0 0
46 1 0 0 0 0 0 0 0 0
47 1 0 0 1 1 0 0 0 0
48 1 0 0 0 0 0 0 0 0
49 1 0 0 0 0 0 0 0 0
50 1 0 0 1 0 0 0 0 0
fn=strpbrk
45 1 1 1 1 0 0 0 0 0
46 1 0 0 0 0 0 0 0 0
47 1 1 1 1 0 0 0 0 0
48 1 0 0 0 0 0 0 0 0
49 1 0 0 0 0 0 0 0 0
50 1 0 0 1 0 0 0 0 0
fl=/build/glibc-bfm8X4/glibc-2.23/string/../sysdeps/x86_64/multiarch/strspn.S
fn=strspn
30 1 1 1 1 0 0 0 0 0
31 1 0 0 0 0 0 0 0 0
32 1 0 0 1 0 0 0 0 0
33 1 0 0 0 0 0 0 0 0
34 1 0 0 0 0 0 0 0 0
35 1 0 0 1 0 0 0 0 0
fl=/build/glibc-bfm8X4/glibc-2.23/string/../sysdeps/x86_64/strchr.S
fn=strchrnul
24 2 2 1 0 0 0 0 0 0
25 2 0 0 0 0 0 0 0 0
26 2 0 0 0 0 0 0 0 0
27 2 0 0 0 0 0 0 0 0
28 2 0 0 0 0 0 0 0 0
29 2 0 0 0 0 0 0 0 0
30 2 0 0 0 0 0 0 0 0
31 2 2 1 0 0 0 0 0 0
32 2 0 0 2 1 1 0 0 0
33 2 0 0 0 0 0 0 0 0
34 2 0 0 0 0 0 0 0 0
35 2 0 0 0 0 0 0 0 0
36 2 0 0 0 0 0 0 0 0
37 2 0 0 0 0 0 0 0 0
38 2 0 0 0 0 0 0 0 0
39 2 0 0 0 0 0 0 0 0
40 2 0 0 0 0 0 0 0 0
41 2 0 0 0 0 0 0 0 0
43 2 0 0 0 0 0 0 0 0
50 2 0 0 2 0 0 0 0 0
fl=/build/glibc-bfm8X4/glibc-2.23/string/../sysdeps/x86_64/strlen.S
fn=strlen
66 13 13 1 0 0 0 0 0 0
67 13 0 0 0 0 0 0 0 0
68 13 0 0 0 0 0 0 0 0
69 13 0 0 0 0 0 0 0 0
70 13 0 0 0 0 0 0 0 0
71 13 0 0 0 0 0 0 0 0
72 13 0 0 0 0 0 0 0 0
74 13 0 0 0 0 0 0 0 0
76 13 0 0 0 0 0 0 0 0
106 12 0 0 12 1 1 0 0 0
107 12 0 0 0 0 0 0 0 0
108 12 9 1 0 0 0 0 0 0
109 12 0 0 0 0 0 0 0 0
110 12 0 0 0 0 0 0 0 0
111 6 0 0 0 0 0 0 0 0
112 6 0 0 6 0 0 0 0 0
116 6 0 0 0 0 0 0 0 0
117 6 0 0 6 0 0 0 0 0
118 6 0 0 6 0 0 0 0 0
119 6 0 0 6 1 0 0 0 0
120 6 0 0 0 0 0 0 0 0
121 6 0 0 0 0 0 0 0 0
122 6 0 0 0 0 0 0 0 0
123 6 0 0 0 0 0 0 0 0
124 6 0 0 0 0 0 0 0 0
125 6 0 0 0 0 0 0 0 0
126 6 0 0 0 0 0 0 0 0
127 6 0 0 0 0 0 0 0 0
132 48 5 0 6 1 0 0 0 0
136 1 1 1 0 0 0 0 0 0
137 14 1 1 4 1 0 0 0 0
138 8 0 0 1 1 0 0 0 0
fl=/build/glibc-bfm8X4/glibc-2.23/string/../sysdeps/x86_64/strrchr.S
fn=rindex
24 1 1 1 0 0 0 0 0 0
25 1 0 0 0 0 0 0 0 0
26 1 0 0 0 0 0 0 0 0
27 1 0 0 0 0 0 0 0 0
28 1 0 0 0 0 0 0 0 0
29 1 0 0 0 0 0 0 0 0
30 1 0 0 0 0 0 0 0 0
31 1 0 0 0 0 0 0 0 0
32 1 0 0 1 1 1 0 0 0
33 1 0 0 0 0 0 0 0 0
34 1 0 0 0 0 0 0 0 0
35 1 0 0 0 0 0 0 0 0
36 1 0 0 0 0 0 0 0 0
37 1 0 0 0 0 0 0 0 0
38 1 1 1 0 0 0 0 0 0
39 1 0 0 0 0 0 0 0 0
40 1 0 0 0 0 0 0 0 0
41 1 0 0 0 0 0 0 0 0
42 1 0 0 0 0 0 0 0 0
43 1 0 0 0 0 0 0 0 0
44 1 0 0 0 0 0 0 0 0
45 1 0 0 0 0 0 0 0 0
46 1 0 0 0 0 0 0 0 0
47 1 0 0 1 0 0 0 0 0
fl=/build/glibc-bfm8X4/glibc-2.23/string/strdup.c
fn=strdup
40 12 3 1 0 0 0 6 0 0
41 6 0 0 0 0 0 3 0 0
42 6 0 0 0 0 0 3 0 0
44 6 0 0 0 0 0 0 0 0
47 12 0 0 0 0 0 0 0 0
48 9 0 0 6 0 0 0 0 0
fl=/build/glibc-bfm8X4/glibc-2.23/time/../sysdeps/generic/dl-hash.h
fn=gettimeofday
45 24 0 0 8 1 1 0 0 0
48 24 0 0 0 0 0 0 0 0
62 32 0 0 0 0 0 0 0 0
fn=time
45 12 0 0 4 1 1 0 0 0
48 12 0 0 0 0 0 0 0 0
62 16 1 1 0 0 0 0 0 0
fl=/build/glibc-bfm8X4/glibc-2.23/time/../sysdeps/unix/sysv/linux/x86/gettimeofday.c
fn=__gettimeofday_syscall
29 4 1 1 0 0 0 0 0 0
30 1 0 0 1 0 0 0 0 0
fn=gettimeofday
36 2 0 0 0 0 0 0 0 0
37 22 4 4 0 0 0 8 1 0
40 6 2 2 0 0 0 2 0 0
41 6 0 0 0 0 0 0 0 0
42 4 0 0 2 0 0 0 0 0
fl=/build/glibc-bfm8X4/glibc-2.23/time/../sysdeps/unix/sysv/linux/x86/time.c
fn=time
37 1 0 0 0 0 0 0 0 0
38 11 1 1 0 0 0 4 0 0
41 3 0 0 0 0 0 1 0 0
42 3 1 1 0 0 0 0 0 0
43 2 0 0 1 0 0 0 0 0
fl=/home/javi/Escritorio/PracticasARQO/Practica3/arqo3.c
fn=generateMatrix
11 5 1 1 0 0 0 3 0 0
12 1 0 0 0 0 0 1 0 0
13 1 1 1 0 0 0 1 0 0
14 2 0 0 0 0 0 2 0 0
16 6 1 0 1 0 0 2 0 0
17 9 2 1 2 0 0 2 0 0
18 4 0 0 2 0 0 0 0 0
28 2 1 1 0 0 0 1 0 0
29 48965 4 2 36722 0 0 1 0 0
31 146880 2 1 61200 0 0 12240 4588 1530
32 599331600 0 0 449477280 4681800 1144 12240 376 0
34 2397081600 2 0 749088000 56074524 2289 299635200 55725793 18737430
38 1 0 0 1 0 0 0 0 0
39 4 0 0 3 1 1 0 0 0
fl=/home/javi/Escritorio/PracticasARQO/Practica3/slow.c
fn=compute
50 4 1 1 0 0 0 3 0 0
54 30737 2 2 23051 0 0 1 0 0
56 376221668 0 0 282152804 5736352 672 7684 0 0
58 1316641368 0 0 564274872 119107620 13826857 94045812 0 0
fn=main
10 8 1 1 1 0 0 4 0 0
12 1 0 0 0 0 0 1 0 0
14 2 0 0 0 0 0 1 0 0
16 4 1 1 0 0 0 1 0 0
18 2 1 0 1 0 0 0 0 0
23 6 2 1 2 1 0 2 1 0
24 4 1 1 1 0 0 2 1 1
25 2 0 0 1 0 0 0 0 0
32 4 0 0 0 0 0 1 0 0
35 5 2 1 2 1 0 1 0 0
fl=???
fn=???
0 149817757 48 17 149817690 9235303 1145 21 1 1
fn=__libc_csu_init
0 34 2 2 8 1 0 8 0 0
fn=_dl_debug_initialize
0 4 0 0 3 0 0 0 0 0
fn=_start
0 11 1 1 1 0 0 3 0 0
fn=memcpy@GLIBC_2.2.5
0 11 2 2 3 0 0 0 0 0
summary: 11876082564 4268 986 4442237802 535070099 13840360 1292632306 64872676 18740645
