desc: I1 cache:         65536 B, 64 B, 4-way associative
desc: D1 cache:         32768 B, 64 B, 8-way associative
desc: LL cache:         16777216 B, 64 B, 16-way associative
cmd: ./matrix_mult 704
events: Ir I1mr ILmr Dr D1mr DLmr Dw D1mw DLmw 
fl=/build/glibc-HFHis7/glibc-2.27/csu/../csu/init-first.c
fn=_init
52 9 1 1 2 0 0 5 0 0
55 4 1 1 1 0 0 1 1 1
62 5 1 1 4 0 0 0 0 0
67 2 0 0 1 0 0 1 0 0
68 1 1 1 0 0 0 1 1 1
69 2 0 0 1 0 0 1 1 1
81 4 0 0 1 0 0 4 0 0
84 1 0 0 0 0 0 1 0 0
89 6 0 0 5 0 0 0 0 0
fl=/build/glibc-HFHis7/glibc-2.27/csu/../csu/libc-start.c
fn=(below main)
137 10 1 1 1 0 0 5 0 0
141 6 1 1 2 0 0 2 0 0
239 2 0 0 0 0 0 0 0 0
240 6 0 0 0 0 0 4 0 0
262 5 0 0 3 0 0 0 0 0
265 2 0 0 1 0 0 0 0 0
266 8 1 1 6 0 0 5 0 0
270 5 0 0 3 0 0 0 0 0
285 2 0 0 0 0 0 0 0 0
297 5 1 1 0 0 0 2 0 0
298 2 0 0 0 0 0 0 0 0
303 2 0 0 1 1 0 1 0 0
304 2 0 0 1 1 0 1 0 0
307 2 0 0 0 0 0 1 0 0
310 7 1 1 6 0 0 5 0 0
fl=/build/glibc-HFHis7/glibc-2.27/csu/../sysdeps/i386/i686/dl-hash.h
fn=_init
36 68 2 2 10 0 0 0 0 0
fl=/build/glibc-HFHis7/glibc-2.27/csu/../sysdeps/unix/sysv/linux/i386/init-first.c
fn=_init
38 7 0 0 0 0 0 4 0 0
40 6 0 0 0 0 0 3 0 0
41 1 0 0 0 0 0 0 0 0
42 3 0 0 0 0 0 0 0 0
43 2 0 0 1 0 0 0 0 0
44 1 0 0 0 0 0 1 0 0
fl=/build/glibc-HFHis7/glibc-2.27/ctype/ctype-info.c
fn=__ctype_init
29 4 1 1 0 0 0 3 0 0
31 8 1 1 6 1 0 1 0 0
33 4 0 0 2 0 0 1 0 0
35 4 1 1 2 0 0 1 0 0
36 3 0 0 3 0 0 0 0 0
fl=/build/glibc-HFHis7/glibc-2.27/elf/../elf/dl-sysdep.c
fn=_dl_sysdep_start
88 8 1 1 1 0 0 5 0 0
89 5 0 0 1 0 0 2 0 0
90 10 1 1 4 0 0 6 0 0
109 1 0 0 0 0 0 0 0 0
112 1 0 0 0 0 0 1 0 0
113 220 1 1 54 4 4 4 2 2
116 3 0 0 0 0 0 2 2 2
117 1 0 0 0 0 0 1 1 1
119 143 6 6 46 0 0 24 0 0
120 111 0 0 17 3 3 0 0 0
123 1 0 0 1 0 0 0 0 0
126 2 1 1 1 1 1 1 0 0
129 2 1 1 1 0 0 1 0 0
130 1 0 0 0 0 0 1 0 0
132 1 0 0 1 0 0 0 0 0
133 1 0 0 0 0 0 1 0 0
153 2 1 1 1 1 1 1 0 0
154 1 0 0 0 0 0 1 0 0
156 2 0 0 1 0 0 1 0 0
157 1 0 0 0 0 0 1 0 0
159 4 2 2 1 0 0 2 0 0
160 1 0 0 0 0 0 1 0 0
165 2 0 0 1 0 0 1 0 0
166 1 0 0 0 0 0 1 0 0
181 2 1 1 1 0 0 1 0 0
182 1 0 0 0 0 0 1 0 0
214 2 0 0 0 0 0 0 0 0
224 3 0 0 0 0 0 2 0 0
236 5 1 1 0 0 0 3 0 0
238 7 0 0 0 0 0 2 0 0
250 3 1 1 1 0 0 0 0 0
253 6 0 0 3 0 0 5 0 0
255 7 0 0 6 2 0 0 0 0
fn=_dl_sysdep_start_cleanup
260 1 0 0 1 0 0 0 0 0
fl=/build/glibc-HFHis7/glibc-2.27/elf/../misc/sbrk.c
fn=sbrk
32 6 1 1 1 0 0 4 0 0
40 6 0 0 2 1 1 0 0 0
44 2 0 0 0 0 0 0 0 0
60 5 1 1 4 0 0 0 0 0
fl=/build/glibc-HFHis7/glibc-2.27/elf/../sysdeps/generic/ldsodefs.h
fn=_dl_relocate_object
102 324 2 2 108 0 0 0 0 0
fn=do_lookup_x
102 396 1 1 198 0 0 0 0 0
fl=/build/glibc-HFHis7/glibc-2.27/elf/../sysdeps/i386/dl-machine.h
fn=_dl_fixup
258 2 0 0 0 0 0 2 0 0
fn=_dl_relocate_object
71 24 0 0 8 0 0 0 0 0
77 4 0 0 4 1 0 0 0 0
81 6 1 1 2 2 1 0 0 0
86 2 0 0 0 0 0 2 0 0
94 6 0 0 2 0 0 0 0 0
96 2 0 0 2 0 0 0 0 0
107 4 0 0 0 0 0 2 0 0
293 125 0 0 0 0 0 0 0 0
296 255 0 0 0 0 0 5 0 0
313 250 0 0 0 0 0 0 0 0
322 5478 9 9 1221 98 89 1378 1 0
323 581 3 3 240 1 1 125 0 0
325 16 1 1 0 0 0 0 0 0
326 468 1 1 117 0 0 0 0 0
329 5 2 2 2 0 0 0 0 0
332 2 0 0 1 0 0 0 0 0
333 3 0 0 1 0 0 0 0 0
334 3 0 0 0 0 0 0 0 0
345 3 0 0 1 0 0 2 0 0
348 630 2 2 250 6 5 0 0 0
358 297 2 2 198 0 0 99 2 0
390 16 1 1 4 0 0 4 0 0
402 8 0 0 2 0 0 2 0 0
410 6 0 0 2 0 0 2 0 0
439 34 1 1 0 0 0 0 0 0
441 68 1 1 17 0 0 0 0 0
442 68 0 0 51 2 2 0 0 0
449 27 1 1 27 5 3 0 0 0
466 18 0 0 4 0 0 7 0 0
525 16 1 1 0 0 0 4 0 0
611 42 2 2 6 0 0 22 0 0
640 2643 0 0 1323 164 164 0 0 0
641 1317 0 0 1317 140 137 0 0 0
661 24 0 0 12 0 0 0 0 0
662 24 1 1 12 1 1 0 0 0
664 24 0 0 0 0 0 0 0 0
666 27 0 0 9 0 0 0 0 0
667 9 0 0 9 1 0 0 0 0
672 6 0 0 0 0 0 0 0 0
719 6 1 1 0 0 0 0 0 0
721 6 0 0 6 0 0 0 0 0
722 12 1 1 3 0 0 3 0 0
723 6 0 0 3 0 0 3 0 0
724 6 1 1 0 0 0 3 0 0
fn=_dl_start
58 3 0 0 1 1 1 0 0 0
293 9 0 0 0 0 0 0 0 0
323 27 0 0 27 6 6 0 0 0
326 36 0 0 9 2 2 0 0 0
348 54 0 0 9 1 1 0 0 0
358 27 1 1 9 0 0 9 0 0
410 2 1 1 0 0 0 1 0 0
640 82 1 1 41 5 5 0 0 0
641 40 0 0 40 16 16 0 0 0
fl=/build/glibc-HFHis7/glibc-2.27/elf/../sysdeps/i386/dl-trampoline.S
fn=_dl_runtime_resolve
35 2 1 1 0 0 0 2 0 0
37 2 0 0 0 0 0 2 0 0
39 2 0 0 0 0 0 2 0 0
41 2 0 0 2 0 0 0 0 0
42 2 0 0 2 0 0 0 0 0
43 2 0 0 0 0 0 2 0 0
44 2 0 0 2 0 0 0 0 0
46 2 0 0 2 0 0 0 0 0
47 2 0 0 0 0 0 2 0 0
48 2 0 0 2 0 0 0 0 0
49 2 0 0 2 0 0 0 0 0
fl=/build/glibc-HFHis7/glibc-2.27/elf/../sysdeps/i386/nptl/tls.h
fn=init_tls
166 1 0 0 0 0 0 1 0 0
168 1 1 1 0 0 0 1 0 0
170 1 0 0 0 0 0 1 0 0
178 1 0 0 0 0 0 1 0 0
fl=/build/glibc-HFHis7/glibc-2.27/elf/../sysdeps/posix/dl-fileid.h
fn=_dl_map_object_from_fd
37 18 1 1 0 0 0 8 0 0
40 8 0 0 4 0 0 4 0 0
41 8 0 0 4 0 0 4 0 0
49 36 1 1 14 0 0 0 0 0
fl=/build/glibc-HFHis7/glibc-2.27/elf/../sysdeps/unix/sysv/linux/dl-osinfo.h
fn=dl_main
64 2 0 0 1 0 0 0 0 0
77 1 0 0 1 0 0 0 0 0
fl=/build/glibc-HFHis7/glibc-2.27/elf/../sysdeps/unix/sysv/linux/dl-sysdep.c
fn=_dl_discover_osversion
45 7 1 1 0 0 0 5 0 0
47 4 0 0 1 0 0 1 1 1
87 7 1 1 0 0 0 2 0 0
102 1 0 0 0 0 0 0 0 0
106 1 0 0 0 0 0 0 0 0
107 1 1 1 0 0 0 0 0 0
109 12 0 0 3 1 1 0 0 0
111 6 0 0 0 0 0 0 0 0
113 17 0 0 4 0 0 0 0 0
115 1 0 0 0 0 0 0 0 0
116 2 0 0 0 0 0 0 0 0
119 3 1 1 0 0 0 0 0 0
120 3 0 0 0 0 0 0 0 0
121 3 0 0 0 0 0 0 0 0
123 13 0 0 0 0 0 0 0 0
128 2 0 0 0 0 0 0 0 0
132 6 0 0 5 0 0 0 0 0
fn=_dl_sysdep_start
35 2 1 1 0 0 0 2 0 0
fl=/build/glibc-HFHis7/glibc-2.27/elf/../sysdeps/unix/sysv/linux/dl-vdso.c
fn=_dl_vdso_vsym
25 20 2 2 6 1 0 8 0 0
26 4 0 0 4 0 0 0 0 0
27 2 1 1 0 0 0 0 0 0
30 4 0 0 0 0 0 0 0 0
47 2 0 0 0 0 0 0 0 0
48 16 1 1 10 0 0 0 0 0
fl=/build/glibc-HFHis7/glibc-2.27/elf/../sysdeps/unix/sysv/linux/i386/brk.c
fn=brk
38 4 2 2 1 0 0 2 0 0
40 2 0 0 0 0 0 0 0 0
41 1 0 0 0 0 0 1 0 0
42 2 0 0 0 0 0 0 0 0
45 3 0 0 2 0 0 0 0 0
fl=/build/glibc-HFHis7/glibc-2.27/elf/../sysdeps/unix/sysv/linux/not-errno.h
fn=_dl_important_hwcaps
28 5 1 1 1 0 0 0 0 0
32 2 0 0 0 0 0 0 0 0
fn=_dl_load_cache_lookup
28 6 1 1 1 0 0 1 0 0
fl=/build/glibc-HFHis7/glibc-2.27/elf/../sysdeps/x86/cpu-features.c
fn=_dl_sysdep_start
184 1 0 0 0 0 0 1 0 0
185 1 0 0 0 0 0 1 0 0
196 3 0 0 0 0 0 1 0 0
199 7 1 1 0 0 0 0 0 0
203 1 0 0 0 0 0 0 0 0
205 7 1 1 0 0 0 2 0 0
208 4 0 0 1 0 0 0 0 0
210 5 1 1 4 1 1 1 0 0
211 4 0 0 0 0 0 1 0 0
217 3 1 1 1 0 0 1 0 0
257 2 1 1 1 0 0 0 0 0
303 2 0 0 0 0 0 0 0 0
312 8 1 1 2 0 0 1 0 0
366 3 0 0 1 0 0 0 0 0
367 1 0 0 1 0 0 0 0 0
370 2 1 1 0 0 0 0 0 0
371 1 0 0 1 0 0 0 0 0
377 1 0 0 0 0 0 1 0 0
378 1 0 0 0 0 0 1 0 0
379 1 0 0 0 0 0 1 0 0
382 6 0 0 0 0 0 4 0 0
384 7 1 1 1 0 0 5 0 0
386 7 0 0 1 0 0 5 0 0
388 7 0 0 1 0 0 5 0 0
435 2 1 1 0 0 0 2 0 0
436 3 0 0 1 0 0 0 0 0
437 2 0 0 0 0 0 2 0 0
439 3 0 0 1 0 0 0 0 0
440 3 1 1 0 0 0 1 0 0
fn=get_common_indeces.constprop.1
34 8 1 1 0 0 0 6 1 1
38 4 0 0 0 0 0 0 0 0
41 5 0 0 0 0 0 3 0 0
44 1 1 1 0 0 0 1 0 0
45 4 0 0 0 0 0 1 0 0
46 4 0 0 0 0 0 1 0 0
47 5 0 0 1 0 0 1 0 0
48 4 0 0 1 0 0 1 0 0
49 2 0 0 1 0 0 0 0 0
56 2 1 1 1 0 0 0 0 0
57 7 0 0 0 0 0 4 0 0
64 3 0 0 1 0 0 0 0 0
178 6 2 2 5 0 0 0 0 0
fl=/build/glibc-HFHis7/glibc-2.27/elf/../sysdeps/x86/dl-procinfo.h
fn=_dl_load_cache_lookup
39 2 0 0 0 0 0 0 0 0
42 23 1 1 0 0 0 8 0 0
fl=/build/glibc-HFHis7/glibc-2.27/elf/./dl-load.h
fn=_dl_map_object_from_fd
90 8 0 0 4 0 0 0 0 0
91 6 0 0 4 0 0 2 0 0
93 12 0 0 4 0 0 0 0 0
94 5 1 1 3 0 0 0 0 0
95 7 1 1 3 0 0 1 0 0
96 4 0 0 2 0 0 0 0 0
98 4 0 0 0 0 0 1 0 0
fl=/build/glibc-HFHis7/glibc-2.27/elf/./dl-map-segments.h
fn=_dl_map_object_from_fd
50 6 0 0 4 0 0 0 0 0
56 22 1 1 6 0 0 18 1 1
60 6 0 0 0 0 0 0 0 0
63 6 0 0 2 0 0 2 0 0
64 4 0 0 0 0 0 2 0 0
66 4 0 0 2 0 0 0 0 0
73 16 1 1 5 0 0 4 0 0
80 4 1 1 4 0 0 0 0 0
90 24 1 1 8 0 0 0 0 0
92 12 0 0 6 0 0 2 0 0
94 26 1 1 8 0 0 14 0 0
104 16 0 0 8 0 0 0 0 0
110 4 0 0 2 0 0 0 0 0
111 6 0 0 0 0 0 2 0 0
112 16 1 1 6 0 0 2 0 0
113 4 0 0 0 0 0 0 0 0
120 6 0 0 0 0 0 2 0 0
123 4 0 0 2 0 0 0 0 0
131 18 1 1 4 0 0 8 0 0
137 6 0 0 4 0 0 0 0 0
141 11 0 0 3 0 0 7 0 0
144 3 0 0 0 0 0 0 0 0
149 4 0 0 0 0 0 0 0 0
fl=/build/glibc-HFHis7/glibc-2.27/elf/dl-addr.c
fn=_dl_addr
30 3 0 0 2 0 0 1 0 0
31 2 0 0 1 0 0 1 0 0
34 2 0 0 1 0 0 0 0 0
39 3 1 1 2 0 0 1 0 0
40 3 0 0 2 0 0 1 0 0
42 3 0 0 2 0 0 1 0 0
44 94 1 1 0 0 0 2 0 0
45 3 0 0 1 1 0 0 0 0
50 2026 0 0 1013 0 0 0 0 0
52 1011 0 0 1011 52 14 0 0 0
53 2022 0 0 0 0 0 0 0 0
55 6447 0 0 1842 0 0 921 0 0
61 7467 1 1 2489 609 523 0 0 0
63 12445 0 0 2489 0 0 0 0 0
64 17876 1 1 8810 0 0 0 0 0
71 11798 1 1 3410 143 89 0 0 0
100 3 0 0 1 0 0 0 0 0
101 2 0 0 1 0 0 1 0 0
102 3 1 1 1 0 0 0 0 0
105 3 0 0 1 0 0 0 0 0
117 2 1 1 1 0 0 1 0 0
118 2 0 0 0 0 0 1 0 0
126 5 1 1 0 0 0 4 0 0
128 3 0 0 0 0 0 1 0 0
131 5 1 1 2 1 0 3 1 0
133 3 0 0 2 0 0 2 0 0
135 4 0 0 0 0 0 0 0 0
138 1 0 0 0 0 0 0 0 0
141 5 0 0 2 1 0 2 1 0
144 7 0 0 5 0 0 0 0 0
fl=/build/glibc-HFHis7/glibc-2.27/elf/dl-cache.c
fn=_dl_cache_libcmp
141 64 1 1 16 0 0 40 0 0
142 173 0 0 91 8 8 0 0 0
144 200 1 1 0 0 0 0 0 0
146 2 1 1 0 0 0 0 0 0
152 3 0 0 0 0 0 0 0 0
153 4 0 0 1 0 0 1 0 0
154 5 0 0 1 0 0 0 0 0
156 5 1 1 2 0 0 0 0 0
158 2 0 0 0 0 0 0 0 0
164 78 0 0 0 0 0 0 0 0
166 78 0 0 0 0 0 0 0 0
167 7 0 0 0 0 0 0 0 0
170 32 0 0 0 0 0 0 0 0
171 64 0 0 64 0 0 0 0 0
174 2 0 0 0 0 0 0 0 0
175 48 0 0 40 0 0 0 0 0
fn=_dl_load_cache_lookup
187 8 2 2 0 0 0 5 0 0
195 3 0 0 1 0 0 1 0 0
198 4 0 0 2 0 0 0 0 0
201 9 1 1 0 0 0 4 0 0
209 6 1 1 1 0 0 0 0 0
210 8 0 0 4 1 1 0 0 0
214 2 0 0 1 0 0 1 0 0
217 3 1 1 1 0 0 0 0 0
220 2 0 0 0 0 0 1 0 0
221 3 0 0 0 0 0 0 0 0
222 12 1 1 2 0 0 5 0 0
249 6 1 1 2 0 0 1 0 0
258 2 0 0 1 0 0 1 0 0
260 2 0 0 2 0 0 0 0 0
264 10 0 0 2 0 0 6 0 0
270 9 0 0 6 0 0 2 0 0
271 6 0 0 1 0 0 2 0 0
285 241 10 10 63 7 7 35 0 0
301 3 0 0 2 0 0 0 0 0
305 3 1 1 1 0 0 0 0 0
313 11 0 0 1 0 0 2 0 0
314 6 0 0 1 0 0 4 0 0
315 3 0 0 0 0 0 2 0 0
316 6 0 0 5 0 0 0 0 0
fn=_dl_unload_cache
325 4 1 1 0 0 0 2 0 0
326 4 0 0 1 1 0 0 0 0
328 4 1 1 1 0 0 3 0 0
329 2 0 0 0 0 0 1 0 0
331 3 0 0 2 0 0 0 0 0
fl=/build/glibc-HFHis7/glibc-2.27/elf/dl-debug.c
fn=_dl_debug_initialize
46 20 1 1 8 0 0 8 0 0
49 8 0 0 0 0 0 0 0 0
50 4 1 1 4 0 0 0 0 0
54 14 0 0 4 1 0 0 0 0
57 1 0 0 0 0 0 1 0 0
58 3 0 0 0 0 0 1 0 0
59 3 0 0 1 0 0 1 0 0
60 2 0 0 0 0 0 1 0 0
64 8 0 0 8 0 0 0 0 0
fn=_dl_debug_state
74 2 1 1 2 0 0 0 0 0
fl=/build/glibc-HFHis7/glibc-2.27/elf/dl-deps.c
fn=_dl_map_object_deps
143 3 0 0 0 0 0 2 0 0
144 3 1 1 1 0 0 2 0 0
145 4 0 0 0 0 0 2 0 0
151 11 0 0 4 0 0 3 0 0
158 8 1 1 0 0 0 5 0 0
159 11 0 0 1 0 0 2 0 0
175 20 1 1 6 0 0 4 0 0
176 1 1 1 1 0 0 0 0 0
179 2 0 0 1 0 0 1 0 0
185 1 0 0 0 0 0 1 0 0
186 1 0 0 0 0 0 1 0 0
198 4 0 0 1 0 0 2 0 0
199 2 0 0 0 0 0 1 0 0
200 2 0 0 0 0 0 2 0 0
206 4 0 0 0 0 0 4 0 0
209 8 1 1 4 0 0 4 0 0
213 20 0 0 8 0 0 4 0 0
214 33 2 2 15 1 1 0 0 0
216 2 0 0 0 0 0 0 0 0
218 8 0 0 4 0 0 2 0 0
220 30 1 1 2 0 0 6 0 0
225 28 2 2 12 1 1 0 0 0
227 8 1 1 6 0 0 2 0 0
232 2 0 0 0 0 0 2 0 0
233 2 0 0 0 0 0 2 0 0
234 4 0 0 2 0 0 2 0 0
235 4 0 0 2 0 0 2 0 0
238 216 0 0 57 0 0 2 0 0
239 102 1 1 0 0 0 0 0 0
245 18 1 1 4 0 0 6 0 0
247 2 0 0 0 0 0 2 0 0
249 14 0 0 2 0 0 8 0 0
250 8 0 0 2 0 0 0 0 0
259 2 0 0 2 0 0 0 0 0
261 4 1 1 2 0 0 0 0 0
266 6 0 0 0 0 0 0 0 0
269 2 0 0 0 0 0 2 0 0
270 2 0 0 0 0 0 2 0 0
271 2 0 0 0 0 0 2 0 0
272 4 0 0 2 0 0 2 0 0
274 2 0 0 2 0 0 0 0 0
276 10 0 0 2 0 0 4 0 0
280 6 0 0 2 0 0 0 0 0
281 4 0 0 1 0 0 2 0 0
283 147 0 0 0 0 0 0 0 0
304 6 0 0 0 0 0 2 0 0
434 12 1 1 4 0 0 0 0 0
436 10 0 0 4 0 0 4 0 0
438 8 0 0 0 0 0 4 0 0
439 2 1 1 0 0 0 0 0 0
440 6 0 0 0 0 0 0 0 0
443 4 0 0 2 0 0 2 0 0
444 16 0 0 4 0 0 8 0 0
445 14 1 1 2 0 0 8 0 0
448 4 0 0 2 0 0 2 0 0
449 6 0 0 2 0 0 0 0 0
453 24 0 0 12 0 0 3 0 0
455 4 1 1 4 0 0 0 0 0
456 17 0 0 3 0 0 0 0 0
460 6 1 1 2 0 0 0 0 0
461 2 0 0 0 0 0 1 0 0
464 5 0 0 2 0 0 1 0 0
474 4 0 0 0 0 0 3 0 0
475 2 1 1 1 0 0 0 0 0
477 3 0 0 0 0 0 0 0 0
482 5 1 1 3 0 0 1 0 0
483 1 0 0 0 0 0 1 0 0
485 15 0 0 5 0 0 0 0 0
487 16 0 0 8 0 0 0 0 0
491 12 0 0 4 0 0 4 1 1
495 4 0 0 4 0 0 0 0 0
498 2 1 1 1 0 0 0 0 0
549 3 0 0 2 0 0 0 0 0
550 1 0 0 0 0 0 1 0 0
551 5 0 0 2 0 0 1 0 0
573 8 2 2 1 0 0 3 0 0
586 7 1 1 1 0 0 4 0 0
590 7 0 0 0 0 0 5 0 0
593 1 0 0 0 0 0 1 0 0
595 2 1 1 1 0 0 1 0 0
596 1 0 0 1 0 0 0 0 0
597 4 0 0 1 0 0 0 0 0
604 3 0 0 1 0 0 0 0 0
607 3 1 1 1 0 0 0 0 0
610 6 0 0 5 0 0 0 0 0
fn=openaux
60 6 1 1 2 0 0 2 0 0
63 24 0 0 8 0 0 16 1 1
64 4 0 0 2 0 0 0 0 0
67 2 0 0 2 0 0 0 0 0
68 6 0 0 4 0 0 0 0 0
fl=/build/glibc-HFHis7/glibc-2.27/elf/dl-environ.c
fn=_dl_next_ld_env_entry
28 3 1 1 3 0 0 0 0 0
29 3 0 0 3 0 0 0 0 0
32 160 0 0 53 0 0 0 0 0
34 104 1 1 52 0 0 0 0 0
35 20 0 0 10 0 0 0 0 0
37 2 0 0 0 0 0 0 0 0
40 4 0 0 0 0 0 2 0 0
42 2 0 0 2 0 0 0 0 0
45 50 0 0 0 0 0 0 0 0
49 1 0 0 1 0 0 0 0 0
fl=/build/glibc-HFHis7/glibc-2.27/elf/dl-error-skeleton.c
fn=_dl_catch_error
213 4 1 1 0 0 0 2 0 0
215 5 1 1 2 0 0 4 0 0
216 3 0 0 2 0 0 1 0 0
217 3 0 0 2 0 0 1 0 0
218 3 0 0 2 0 0 1 0 0
220 3 0 0 2 0 0 0 0 0
fn=_dl_catch_exception
175 3 1 1 0 0 0 0 0 0
187 12 1 1 3 0 0 6 2 2
188 9 0 0 0 0 0 6 0 0
190 6 0 0 3 0 0 3 0 0
191 6 0 0 0 0 0 3 0 0
194 24 1 1 0 0 0 9 1 1
196 12 0 0 6 0 0 6 0 0
197 9 0 0 6 0 0 3 0 0
198 12 0 0 3 0 0 9 0 0
199 3 0 0 0 0 0 0 0 0
207 6 0 0 3 0 0 0 0 0
fn=_dl_receive_error
226 3 1 1 0 0 0 3 0 0
227 1 0 0 1 0 0 0 0 0
228 1 0 0 1 0 0 0 0 0
231 1 0 0 0 0 0 1 0 0
232 4 0 0 1 0 0 2 0 0
234 3 0 0 2 0 0 2 0 0
236 1 1 1 0 0 0 1 0 0
237 1 0 0 0 0 0 1 0 0
238 5 0 0 4 0 0 0 0 0
fl=/build/glibc-HFHis7/glibc-2.27/elf/dl-hwcaps.c
fn=_dl_important_hwcaps
42 6 1 1 0 0 0 4 0 0
43 13 1 1 2 0 0 9 1 1
45 4 0 0 2 0 0 2 0 0
46 6 0 0 1 0 0 1 0 0
55 25 2 2 3 0 0 3 0 0
56 7 0 0 0 0 0 0 0 0
57 2 0 0 0 0 0 0 0 0
65 5 0 0 2 0 0 1 0 0
69 2 1 1 0 0 0 0 0 0
129 3 0 0 1 0 0 1 0 0
146 7 1 1 1 0 0 1 0 0
147 1 0 0 0 0 0 1 0 0
149 2 0 0 0 0 0 0 0 0
166 1 0 0 0 0 0 0 0 0
183 22 1 1 6 0 0 2 0 0
184 14 1 1 3 0 0 0 0 0
186 1 0 0 0 0 0 1 0 0
187 5 0 0 0 0 0 3 0 0
188 20 1 1 6 0 0 2 0 0
191 3 1 1 1 0 0 0 0 0
193 2 0 0 1 0 0 1 0 0
194 5 0 0 2 0 0 1 0 0
198 3 0 0 1 0 0 1 0 0
199 1 0 0 0 0 0 1 0 0
202 3 1 1 2 0 0 0 0 0
205 4 0 0 2 0 0 1 0 0
209 9 1 1 4 0 0 2 0 0
210 4 0 0 0 0 0 0 0 0
212 3 0 0 0 0 0 0 0 0
213 2 0 0 0 0 0 0 0 0
214 3 0 0 1 0 0 0 0 0
215 3 0 0 1 0 0 0 0 0
222 3 1 1 1 0 0 0 0 0
228 8 0 0 2 0 0 2 0 0
229 10 1 1 1 0 0 4 0 0
230 4 0 0 1 0 0 0 0 0
259 12 0 0 4 0 0 4 0 0
262 3 1 1 1 0 0 0 0 0
272 2 0 0 0 0 0 0 0 0
275 20 1 1 8 0 0 10 0 0
278 19 0 0 4 0 0 0 0 0
279 20 0 0 3 0 0 4 0 0
280 12 1 1 4 0 0 6 0 0
283 18 0 0 6 0 0 10 0 0
285 6 0 0 0 0 0 0 0 0
290 28 1 1 2 0 0 0 0 0
291 8 0 0 0 0 0 8 0 0
295 13 0 0 1 0 0 3 0 0
298 63 1 1 6 0 0 0 0 0
299 72 0 0 24 0 0 0 0 0
300 36 0 0 24 0 0 0 0 0
302 10 0 0 0 0 0 0 0 0
305 2 0 0 1 0 0 0 0 0
306 3 1 1 1 0 0 0 0 0
307 20 0 0 3 0 0 1 0 0
309 6 0 0 0 0 0 0 0 0
310 3 0 0 2 0 0 1 0 0
312 2 1 1 1 0 0 1 0 0
313 2 0 0 0 0 0 0 0 0
320 19 0 0 6 0 0 4 0 0
321 4 0 0 0 0 0 0 0 0
323 8 0 0 0 0 0 0 0 0
326 4 1 1 3 0 0 1 0 0
329 7 0 0 6 0 0 0 0 0
fl=/build/glibc-HFHis7/glibc-2.27/elf/dl-init.c
fn=_dl_init
30 31 1 1 11 0 0 6 0 0
79 8 1 1 1 0 0 5 0 0
80 1 1 1 1 0 0 0 0 0
81 1 0 0 1 0 0 0 0 0
84 3 0 0 1 1 0 0 0 0
87 9 0 0 3 0 0 3 0 0
92 2 0 0 0 0 0 0 0 0
117 3 0 0 2 0 0 0 0 0
118 20 0 0 0 0 0 0 0 0
119 8 1 1 8 0 0 0 0 0
125 6 0 0 5 0 0 0 0 0
fn=call_init.part.0
28 28 1 1 0 0 0 16 0 0
36 16 0 0 4 0 0 4 0 0
39 27 0 0 8 1 0 4 0 0
40 3 1 1 0 0 0 0 0 0
44 9 0 0 3 0 0 0 0 0
45 3 0 0 1 0 0 0 0 0
49 4 1 1 2 0 0 0 0 0
58 18 0 0 8 0 0 8 0 0
62 4 0 0 0 0 0 0 0 0
68 6 0 0 4 0 0 0 0 0
70 4 0 0 4 0 0 0 0 0
71 27 1 1 0 0 0 0 0 0
72 18 0 0 6 0 0 12 0 0
74 24 0 0 20 0 0 0 0 0
fl=/build/glibc-HFHis7/glibc-2.27/elf/dl-load.c
fn=_dl_init_paths
623 8 2 2 0 0 0 5 0 0
636 8 0 0 2 0 0 6 0 0
640 1 0 0 0 0 0 1 0 0
641 2 0 0 0 0 0 2 0 0
642 3 1 1 0 0 0 0 0 0
649 3 0 0 0 0 0 0 0 0
650 3 0 0 1 0 0 0 0 0
653 8 0 0 0 0 0 4 0 0
655 4 1 1 1 0 0 0 0 0
661 1 0 0 0 0 0 1 0 0
662 1 0 0 0 0 0 1 0 0
670 9 1 1 6 0 0 3 0 0
672 10 0 0 3 0 0 6 0 0
673 4 0 0 0 0 0 4 0 0
675 6 0 0 0 0 0 4 0 0
676 7 1 1 3 1 1 4 1 1
677 10 0 0 0 0 0 0 0 0
680 6 0 0 3 1 1 0 0 0
681 112 0 0 0 0 0 0 0 0
682 32 0 0 0 0 0 32 3 3
684 27 0 0 10 0 0 7 0 0
690 1 1 1 0 0 0 1 0 0
691 2 0 0 1 0 0 1 0 0
695 1 0 0 1 0 0 0 0 0
696 2 0 0 0 0 0 0 0 0
698 4 0 0 1 0 0 0 0 0
700 3 0 0 1 0 0 0 0 0
717 1 0 0 0 0 0 1 0 0
719 3 1 1 1 0 0 0 0 0
733 2 1 1 0 0 0 1 0 0
738 6 1 1 3 0 0 0 0 0
740 17 2 2 1 0 0 7 0 0
744 3 0 0 0 0 0 0 0 0
745 61 0 0 15 0 0 0 0 0
746 56 0 0 0 0 0 0 0 0
749 1 0 0 0 0 0 1 0 0
750 3 1 1 0 0 0 2 0 0
751 3 0 0 0 0 0 0 0 0
757 9 0 0 1 0 0 4 0 0
760 5 0 0 2 0 0 0 0 0
766 1 0 0 0 0 0 1 0 0
770 6 0 0 5 0 0 0 0 0
fn=_dl_map_object
601 10 1 1 4 0 0 0 0 0
2080 27 2 2 6 0 0 15 1 1
2082 2 0 0 0 0 0 2 0 0
2088 6 0 0 0 0 0 0 0 0
2089 6 0 0 3 0 0 0 0 0
2092 39 0 0 9 0 0 3 2 2
2097 49 1 1 7 0 0 0 0 0
2099 49 0 0 0 0 0 21 1 1
2103 12 0 0 6 0 0 0 0 0
2104 18 0 0 6 0 0 0 0 0
2107 2 0 0 2 0 0 0 0 0
2108 4 0 0 4 0 0 0 0 0
2109 14 1 1 0 0 0 6 0 0
2125 12 1 1 4 0 0 2 0 0
2135 6 0 0 2 0 0 0 0 0
2169 2 0 0 0 0 0 2 1 1
2171 14 0 0 0 0 0 6 0 0
2175 7 2 2 1 0 0 3 0 0
2177 2 0 0 0 0 0 0 0 0
2184 7 0 0 3 0 0 0 0 0
2188 7 1 1 2 0 0 3 0 0
2189 2 0 0 0 0 0 1 0 0
2193 3 1 1 1 0 0 0 0 0
2194 3 1 1 2 0 0 0 0 0
2196 3 0 0 0 0 0 1 0 0
2208 2 0 0 0 0 0 0 0 0
2209 9 2 2 3 0 0 1 0 0
2219 2 1 1 1 0 0 0 0 0
2220 18 2 2 4 0 0 7 0 0
2226 6 1 1 1 0 0 0 0 0
2235 1 1 1 0 0 0 1 0 0
2249 2 1 1 1 0 0 0 0 0
2251 3 0 0 1 0 0 0 0 0
2255 4 0 0 0 0 0 3 0 0
2257 3 0 0 0 0 0 0 0 0
2261 3 0 0 1 0 0 0 0 0
2269 3 1 1 2 0 0 0 0 0
2292 10 0 0 2 0 0 5 0 0
2296 3 0 0 0 0 0 0 0 0
2297 2 0 0 0 0 0 1 0 0
2314 2 1 1 1 0 0 0 0 0
2320 1 0 0 0 0 0 1 0 0
2322 6 1 1 2 0 0 1 0 0
2323 3 0 0 1 0 0 0 0 0
2327 8 1 1 1 0 0 5 0 0
2330 3 0 0 0 0 0 0 0 0
2342 11 1 1 4 0 0 2 0 0
2344 2 0 0 0 0 0 0 0 0
2388 4 0 0 2 0 0 2 0 0
2389 30 1 1 10 0 0 16 0 0
2391 21 0 0 15 0 0 0 0 0
fn=_dl_map_object_from_fd
808 26 2 2 0 0 0 18 1 1
818 8 0 0 2 0 0 8 1 1
819 2 0 0 0 0 0 2 0 0
834 37 1 1 15 0 0 2 0 0
835 10 0 0 5 0 0 0 0 0
852 6 1 1 2 0 0 0 0 0
876 8 0 0 2 0 0 2 0 0
886 6 1 1 4 0 0 0 0 0
908 8 0 0 4 0 0 0 0 0
940 4 0 0 0 0 0 0 0 0
943 18 1 1 12 0 0 14 0 0
944 6 0 0 0 0 0 0 0 0
955 6 0 0 4 0 0 2 0 0
956 10 0 0 6 0 0 4 0 0
957 6 0 0 4 0 0 2 0 0
959 4 1 1 0 0 0 0 0 0
960 10 0 0 6 0 0 0 0 0
961 4 0 0 0 0 0 2 0 0
976 2 0 0 0 0 0 2 0 0
978 2 0 0 0 0 0 2 0 0
980 18 1 1 0 0 0 4 0 0
981 2 0 0 0 0 0 2 0 0
982 2 0 0 0 0 0 2 0 0
988 112 0 0 36 0 0 0 0 0
989 127 2 2 17 1 1 0 0 0
995 6 0 0 2 0 0 0 0 0
1000 4 0 0 2 0 0 2 0 0
1001 8 0 0 2 0 0 2 0 0
1006 2 0 0 1 0 0 1 0 0
1007 1 0 0 0 0 0 0 0 0
1012 28 2 2 12 0 0 4 0 0
1017 32 0 0 12 0 0 4 0 0
1025 36 1 1 12 0 0 8 0 0
1026 16 0 0 0 0 0 4 1 1
1027 28 0 0 12 0 0 8 0 0
1029 8 0 0 4 0 0 4 0 0
1030 8 0 0 4 0 0 4 0 0
1034 8 0 0 4 0 0 0 0 0
1035 14 0 0 6 0 0 2 0 0
1039 8 0 0 4 0 0 0 0 0
1040 32 2 2 8 0 0 4 0 0
1050 4 0 0 0 0 0 0 0 0
1053 3 0 0 1 0 0 0 0 0
1057 1 1 1 0 0 0 1 1 1
1058 3 0 0 2 0 0 1 0 0
1060 6 0 0 0 0 0 1 0 0
1063 2 0 0 1 0 0 1 0 0
1066 1 0 0 0 0 0 1 0 0
1070 4 0 0 1 0 0 0 0 0
1073 6 0 0 0 0 0 2 0 0
1076 2 0 0 0 0 0 2 0 0
1077 1 0 0 0 0 0 0 0 0
1092 4 1 1 2 0 0 2 0 0
1093 2 0 0 0 0 0 0 0 0
1096 4 0 0 2 0 0 2 0 0
1097 4 0 0 2 0 0 2 0 0
1098 2 0 0 0 0 0 0 0 0
1101 6 1 1 2 0 0 0 0 0
1110 4 0 0 0 0 0 0 0 0
1120 16 1 1 10 0 0 2 0 0
1132 8 1 1 4 0 0 0 0 0
1141 6 1 1 2 0 0 2 0 0
1148 4 1 1 0 0 0 0 0 0
1163 6 0 0 2 0 0 0 0 0
1182 4 0 0 2 0 0 2 0 0
1184 12 1 1 6 0 0 0 0 0
1238 6 0 0 2 0 0 0 0 0
1239 2 0 0 1 0 0 1 0 0
1242 12 0 0 2 0 0 4 0 0
1251 6 1 1 3 0 0 0 0 0
1253 8 1 1 4 0 0 2 0 0
1255 6 0 0 4 0 0 0 0 0
1271 6 0 0 0 0 0 4 0 0
1275 6 0 0 2 0 0 0 0 0
1276 6 0 0 2 0 0 0 0 0
1293 4 1 1 2 0 0 0 0 0
1294 2 0 0 1 0 0 1 0 0
1297 16 1 1 8 0 0 8 0 0
1302 6 0 0 2 0 0 0 0 0
1312 8 0 0 4 0 0 0 0 0
1322 8 0 0 2 0 0 6 0 0
1326 10 0 0 4 0 0 0 0 0
1346 14 0 0 10 0 0 0 0 0
fn=expand_dynamic_string_token
320 18 2 2 0 0 0 10 0 0
330 12 0 0 0 0 0 6 1 1
334 8 0 0 0 0 0 4 0 0
345 12 0 0 10 0 0 0 0 0
fn=fillin_rpath
389 11 2 2 0 0 0 8 0 0
391 3 0 0 0 0 0 2 0 0
393 16 0 0 4 0 0 6 0 0
400 2 0 0 1 0 0 0 0 0
402 4 1 1 1 0 0 1 0 0
406 2 0 0 0 0 0 0 0 0
411 4 0 0 0 0 0 2 0 0
412 2 0 0 0 0 0 0 0 0
419 9 1 1 1 0 0 0 0 0
424 4 0 0 0 0 0 2 0 0
428 18 1 1 5 0 0 1 0 0
429 8 1 1 4 0 0 0 0 0
447 5 2 2 1 0 0 1 0 0
450 4 0 0 0 0 0 2 0 0
451 8 1 1 2 0 0 3 0 0
453 6 1 1 2 0 0 1 0 0
457 1 0 0 0 0 0 1 1 1
458 1 0 0 0 0 0 0 0 0
459 6 0 0 0 0 0 5 0 0
460 1 0 0 0 0 0 1 0 0
462 4 0 0 2 0 0 0 0 0
468 4 1 1 1 0 0 0 0 0
469 28 0 0 0 0 0 0 0 0
470 8 0 0 0 0 0 8 0 0
472 2 0 0 1 0 0 1 0 0
473 3 0 0 1 0 0 0 0 0
478 2 1 1 0 0 0 1 0 0
480 3 0 0 1 0 0 1 0 0
481 1 0 0 0 0 0 1 0 0
484 5 0 0 2 0 0 2 0 0
486 5 0 0 1 0 0 2 0 0
490 3 0 0 2 0 0 1 0 0
493 6 0 0 5 0 0 0 0 0
fn=open_path
1372 3 0 0 0 0 0 1 0 0
1932 8 2 2 0 0 0 5 0 0
1933 3 0 0 2 0 0 1 1 1
1936 1 0 0 0 0 0 1 0 0
1937 1 1 1 0 0 0 1 0 0
1939 3 0 0 0 0 0 1 0 0
1944 14 0 0 4 0 0 4 0 0
1951 1 0 0 0 0 0 1 0 0
1956 3 1 1 2 0 0 0 0 0
1963 7 0 0 3 0 0 5 1 1
1964 35 0 0 0 0 0 0 0 0
1967 16 0 0 8 0 0 0 0 0
1971 96 1 1 56 0 0 64 0 0
1974 16 0 0 8 0 0 8 0 0
1977 32 0 0 16 0 0 0 0 0
1980 72 1 1 48 0 0 40 0 0
1982 32 0 0 8 0 0 0 0 0
1984 16 0 0 0 0 0 0 0 0
1989 24 1 1 8 0 0 0 0 0
1990 40 0 0 32 0 0 0 0 0
1996 48 2 2 24 0 0 8 0 0
1998 72 0 0 0 0 0 32 0 0
1999 4 0 0 1 1 1 0 0 0
2001 7 0 0 0 0 0 7 0 0
2003 2 1 1 0 0 0 2 0 0
2010 30 1 1 10 0 0 10 0 0
2018 18 0 0 0 0 0 9 0 0
2046 1 0 0 0 0 0 0 0 0
2049 8 1 1 2 0 0 0 0 0
2054 2 1 1 2 0 0 0 0 0
2056 5 0 0 3 0 0 0 0 0
2059 3 0 0 1 0 0 0 0 0
2073 7 0 0 5 0 0 0 0 0
fn=open_verify.constprop.7
1598 130 1 1 10 0 0 80 1 1
1637 30 0 0 10 0 0 0 0 0
1650 8 0 0 0 0 0 8 0 0
1668 50 1 1 10 0 0 40 0 0
1670 30 0 0 0 0 0 0 0 0
1680 6 0 0 2 0 0 2 0 0
1681 6 1 1 0 0 0 4 0 0
1686 18 0 0 4 0 0 8 0 0
1688 6 0 0 0 0 0 0 0 0
1690 4 0 0 2 0 0 2 0 0
1692 4 0 0 0 0 0 0 0 0
1698 4 0 0 0 0 0 0 0 0
1714 55 5 5 35 1 1 0 0 0
1788 4 0 0 2 1 1 0 0 0
1793 4 1 1 2 0 0 0 0 0
1795 8 0 0 2 0 0 0 0 0
1801 4 0 0 0 0 0 0 0 0
1812 4 0 0 2 0 0 0 0 0
1818 6 0 0 2 0 0 0 0 0
1819 8 1 1 2 0 0 0 0 0
1820 4 0 0 2 0 0 2 0 0
1825 4 1 1 3 0 0 0 0 0
1840 84 0 0 14 0 0 2 0 0
1842 38 1 1 17 7 7 0 0 0
1855 6 0 0 0 0 0 0 0 0
1858 10 0 0 6 0 0 0 0 0
1859 6 0 0 2 0 0 0 0 0
1868 30 2 2 22 2 2 0 0 0
1870 2 0 0 0 0 0 0 0 0
1871 26 0 0 6 0 0 6 0 0
1874 6 0 0 0 0 0 0 0 0
1879 1 0 0 0 0 0 0 0 0
1880 1 0 0 0 0 0 0 0 0
1883 3 0 0 1 0 0 0 0 0
1886 2 0 0 1 0 0 0 0 0
1887 4 0 0 1 1 1 0 0 0
1888 1 0 0 1 0 0 0 0 0
1889 3 0 0 1 0 0 0 0 0
1890 4 1 1 2 0 0 0 0 0
1918 70 1 1 60 0 0 0 0 0
fl=/build/glibc-HFHis7/glibc-2.27/elf/dl-lookup.c
fn=_dl_lookup_symbol_x
554 214 0 0 0 0 0 0 0 0
555 6335 0 0 1771 104 102 0 0 0
556 5800 1 1 0 0 0 0 0 0
790 963 1 1 107 0 0 642 3 0
792 107 0 0 0 0 0 107 0 0
793 214 0 0 0 0 0 214 0 0
796 214 0 0 214 1 0 0 0 0
800 622 1 1 311 0 0 0 0 0
804 749 1 1 107 0 0 214 0 0
805 428 0 0 214 0 0 0 0 0
811 377 0 0 131 0 0 0 0 0
813 1498 1 1 642 0 0 1070 3 1
816 519 0 0 198 0 0 0 0 0
819 32 0 0 0 0 0 0 0 0
841 321 0 0 107 0 0 0 0 0
843 48 1 1 8 0 0 0 0 0
860 16 1 1 8 0 0 8 0 0
861 16 0 0 0 0 0 0 0 0
865 693 1 1 198 0 0 0 0 0
896 99 0 0 0 0 0 99 0 0
905 396 0 0 99 0 0 0 0 0
919 297 0 0 99 3 0 0 0 0
920 2 1 1 0 0 0 1 0 0
922 495 1 1 297 0 0 0 0 0
927 198 0 0 99 0 0 99 0 0
929 749 0 0 535 0 0 0 0 0
fn=_dl_setup_hash
936 32 2 2 4 0 0 20 0 0
939 12 0 0 4 0 0 0 0 0
943 4 0 0 4 0 0 0 0 0
947 8 0 0 4 4 4 4 0 0
948 4 0 0 4 0 0 0 0 0
949 4 0 0 4 2 2 0 0 0
951 12 0 0 0 0 0 0 0 0
952 4 0 0 0 0 0 4 0 0
953 12 1 1 4 0 0 4 0 0
955 4 0 0 0 0 0 4 0 0
956 4 0 0 0 0 0 0 0 0
958 4 0 0 0 0 0 4 0 0
960 12 0 0 0 0 0 4 0 0
974 24 0 0 20 0 0 0 0 0
fn=check_match
75 990 1 1 198 23 16 594 1 0
78 990 1 1 297 5 3 0 0 0
90 297 0 0 198 0 0 99 2 2
93 657 0 0 157 0 0 87 0 0
97 198 0 0 198 0 0 0 0 0
98 198 1 1 0 0 0 0 0 0
100 194 0 0 0 0 0 0 0 0
119 194 0 0 194 14 10 0 0 0
120 776 0 0 388 3 0 0 0 0
121 776 1 1 194 0 0 291 0 0
148 4 0 0 0 0 0 0 0 0
150 12 0 0 4 1 0 0 0 0
151 106 0 0 2 0 0 0 0 0
154 2 0 0 0 0 0 0 0 0
155 7 1 1 3 0 0 1 0 0
157 2 0 0 1 0 0 1 0 0
159 1 0 0 0 0 0 0 0 0
166 594 1 1 495 0 0 0 0 0
fn=do_lookup_x
180 407 3 3 206 0 0 98 0 0
294 236 0 0 0 0 0 0 0 0
338 1391 1 1 214 0 0 963 3 2
344 214 0 0 107 1 0 107 1 0
345 107 0 0 107 0 0 0 0 0
349 670 2 2 670 3 0 0 0 0
352 670 0 0 335 0 0 0 0 0
356 1340 0 0 335 0 0 335 0 0
360 670 0 0 335 3 0 0 0 0
364 1005 0 0 670 1 0 0 0 0
370 1340 1 1 335 1 0 335 0 0
374 335 0 0 0 0 0 335 0 0
375 335 0 0 0 0 0 335 0 0
378 1005 0 0 670 4 0 335 0 0
379 1005 0 0 670 0 0 335 0 0
382 335 0 0 335 0 0 0 0 0
383 670 1 1 0 0 0 0 0 0
385 335 0 0 335 41 32 0 0 0
386 321 0 0 0 0 0 107 0 0
387 670 0 0 670 0 0 0 0 0
390 1675 0 0 670 0 0 0 0 0
393 2345 0 0 0 0 0 0 0 0
396 206 0 0 206 52 51 0 0 0
397 309 1 1 103 0 0 0 0 0
398 206 0 0 0 0 0 0 0 0
400 206 0 0 103 0 0 0 0 0
403 1085 0 0 217 72 68 0 0 0
405 297 0 0 99 0 0 0 0 0
406 2214 2 2 994 0 0 1303 0 0
407 198 0 0 0 0 0 0 0 0
410 299 1 1 1 0 0 0 0 0
413 357 0 0 0 0 0 0 0 0
444 12 1 1 6 0 0 1 0 0
446 2 0 0 0 0 0 0 0 0
448 1 0 0 0 0 0 0 0 0
452 297 1 1 99 0 0 0 0 0
503 198 0 0 0 0 0 0 0 0
506 942 0 0 198 0 0 99 0 0
510 48 0 0 24 0 0 0 0 0
522 297 0 0 198 0 0 99 0 0
523 99 0 0 0 0 0 99 0 0
524 99 0 0 0 0 0 0 0 0
540 1920 0 0 640 0 0 0 0 0
541 360 0 0 0 0 0 135 0 0
544 708 0 0 236 0 0 0 0 0
547 8 0 0 0 0 0 0 0 0
548 642 0 0 535 0 0 0 0 0
fl=/build/glibc-HFHis7/glibc-2.27/elf/dl-minimal.c
fn=calloc
92 56 2 2 16 0 0 32 1 1
96 16 0 0 0 0 0 0 0 0
99 16 0 0 0 0 0 0 0 0
100 16 0 0 0 0 0 0 0 0
103 32 0 0 0 0 0 16 1 1
104 32 0 0 32 0 0 0 0 0
fn=free
109 5 1 1 0 0 0 3 0 0
111 3 0 0 2 0 0 0 0 0
118 4 0 0 3 0 0 0 0 0
fn=malloc
49 132 2 2 22 0 0 88 0 0
50 87 0 0 43 0 0 0 0 0
55 2 0 0 0 0 0 1 0 0
56 3 1 1 1 0 0 0 0 0
57 2 0 0 0 0 0 0 0 0
61 66 0 0 0 0 0 22 0 0
64 150 0 0 0 0 0 0 0 0
69 4 0 0 1 0 0 0 0 0
70 2 0 0 0 0 0 0 0 0
72 1 0 0 0 0 0 0 0 0
73 8 0 0 0 0 0 7 0 0
75 3 0 0 0 0 0 0 0 0
77 3 0 0 1 0 0 0 0 0
79 4 0 0 0 0 0 1 0 0
82 22 0 0 0 0 0 22 0 0
83 22 0 0 0 0 0 22 0 0
85 110 1 1 88 0 0 0 0 0
fn=strsep
262 16 2 2 2 0 0 10 0 0
265 8 0 0 2 1 1 0 0 0
267 4 0 0 4 0 0 0 0 0
268 4 0 0 0 0 0 0 0 0
272 91 0 0 15 0 0 0 0 0
277 56 0 0 0 0 0 0 0 0
279 112 0 0 28 0 0 0 0 0
287 14 1 1 0 0 0 0 0 0
290 2 0 0 1 0 0 1 0 0
294 12 0 0 10 0 0 0 0 0
fl=/build/glibc-HFHis7/glibc-2.27/elf/dl-misc.c
fn=_dl_name_match_p
282 295 1 1 118 0 0 118 0 0
283 354 1 1 59 0 0 177 2 2
284 62 0 0 0 0 0 0 0 0
286 59 0 0 59 0 0 0 0 0
288 238 0 0 0 0 0 0 0 0
289 441 1 1 63 2 0 189 0 0
292 60 0 0 60 0 0 0 0 0
294 56 0 0 0 0 0 0 0 0
295 295 0 0 177 0 0 0 0 0
fn=_dl_sysdep_read_whole_file
44 4 1 1 0 0 0 2 0 0
47 3 1 1 1 0 0 3 0 0
48 3 0 0 0 0 0 0 0 0
50 10 0 0 0 0 0 4 0 0
52 3 0 0 2 0 0 1 0 0
55 2 0 0 0 0 0 0 0 0
57 11 1 1 1 0 0 7 0 0
68 4 0 0 0 0 0 2 0 0
71 5 0 0 3 0 0 0 0 0
fl=/build/glibc-HFHis7/glibc-2.27/elf/dl-object.c
fn=_dl_add_to_namespace_list
31 27 2 2 6 0 0 15 0 0
33 9 0 0 3 0 0 6 0 0
35 22 0 0 3 0 0 0 0 0
38 15 0 0 5 0 0 0 0 0
40 2 0 0 0 0 0 2 0 0
42 2 0 0 0 0 0 2 0 0
45 2 0 0 0 0 0 1 0 0
46 6 1 1 3 0 0 0 0 0
47 12 0 0 6 0 0 6 0 0
48 12 0 0 0 0 0 6 0 0
50 9 0 0 3 0 0 3 0 0
51 15 0 0 12 0 0 0 0 0
fn=_dl_new_object
59 24 1 1 3 0 0 15 1 1
60 21 1 1 3 0 0 9 1 1
66 18 0 0 6 0 0 0 0 0
68 3 0 0 0 0 0 0 0 0
73 21 0 0 0 0 0 15 0 0
76 9 1 1 0 0 0 0 0 0
79 3 0 0 0 0 0 3 3 3
80 9 0 0 3 0 0 3 3 3
84 6 0 0 0 0 0 3 0 0
85 27 1 1 9 0 0 18 0 0
87 3 0 0 0 0 0 3 0 0
95 21 0 0 12 0 0 3 0 0
96 18 1 1 6 3 3 3 0 0
99 6 0 0 3 0 0 0 0 0
100 8 1 1 2 0 0 3 3 3
101 3 0 0 0 0 0 3 0 0
105 6 0 0 3 0 0 3 0 0
108 56 0 0 0 0 0 0 0 0
110 16 0 0 0 0 0 16 2 2
120 6 0 0 0 0 0 3 0 0
121 3 1 1 0 0 0 3 0 0
124 1 1 1 0 0 0 0 0 0
126 12 0 0 6 1 1 0 0 0
128 6 0 0 0 0 0 2 0 0
131 8 0 0 0 0 0 0 0 0
135 6 0 0 2 0 0 0 0 0
139 11 1 1 0 0 0 0 0 0
147 1 0 0 0 0 0 1 0 0
150 6 0 0 0 0 0 3 0 0
153 9 0 0 0 0 0 3 0 0
155 14 1 1 2 0 0 8 0 0
159 6 0 0 2 0 0 0 0 0
163 8 1 1 2 0 0 4 0 0
164 6 0 0 0 0 0 0 0 0
172 2 0 0 0 0 0 0 0 0
176 2 0 0 0 0 0 0 0 0
205 2 1 1 0 0 0 2 0 0
209 54 0 0 6 0 0 8 0 0
214 40 0 0 0 0 0 0 0 0
215 84 0 0 40 0 0 0 0 0
220 4 0 0 0 0 0 2 0 0
223 2 1 1 0 0 0 2 0 0
227 21 0 0 15 0 0 0 0 0
fl=/build/glibc-HFHis7/glibc-2.27/elf/dl-open.c
fn=_dl_find_dso_for_object
176 8 2 2 1 0 0 5 0 0
180 8 0 0 1 0 0 2 0 0
181 11 1 1 3 0 0 0 0 0
182 12 0 0 6 0 0 0 0 0
183 2 0 0 1 0 0 0 0 0
186 2 1 1 1 0 0 0 0 0
190 7 0 0 5 0 0 0 0 0
fl=/build/glibc-HFHis7/glibc-2.27/elf/dl-reloc.c
fn=_dl_protect_relro
312 24 2 2 4 0 0 12 0 0
313 24 0 0 12 0 0 0 0 0
316 8 0 0 4 0 0 0 0 0
320 8 0 0 0 0 0 0 0 0
321 36 0 0 0 0 0 16 0 0
327 16 0 0 12 0 0 0 0 0
fn=_dl_relocate_object
148 36 1 1 4 0 0 20 0 0
155 4 0 0 0 0 0 4 0 0
158 9 1 1 3 0 0 3 0 0
159 44 1 1 8 0 0 20 0 0
163 12 0 0 4 0 0 4 0 0
164 20 1 1 8 1 0 0 0 0
170 12 0 0 8 0 0 0 0 0
176 20 0 0 8 0 0 0 0 0
177 12 0 0 4 3 0 0 0 0
180 9 1 1 0 0 0 1 0 0
187 12 0 0 4 2 0 0 0 0
231 12 0 0 8 0 0 4 0 0
258 508 5 5 108 8 0 92 0 0
261 16 0 0 8 0 0 0 0 0
285 4 0 0 4 0 0 0 0 0
288 12 1 1 4 0 0 0 0 0
305 12 0 0 4 1 0 0 0 0
306 16 0 0 0 0 0 8 0 0
307 24 0 0 20 0 0 0 0 0
fl=/build/glibc-HFHis7/glibc-2.27/elf/dl-runtime.c
fn=_dl_fixup
66 14 1 1 0 0 0 10 0 0
68 4 0 0 2 0 0 2 1 0
69 6 0 0 4 1 0 2 0 0
72 6 0 0 4 2 0 0 0 0
73 14 0 0 4 1 0 2 0 0
75 6 1 1 4 0 0 0 0 0
80 4 0 0 0 0 0 0 0 0
84 6 0 0 2 1 0 0 0 0
88 6 0 0 2 1 0 0 0 0
92 4 0 0 4 2 0 0 0 0
93 6 0 0 2 0 0 0 0 0
95 10 1 1 2 1 0 0 0 0
101 2 0 0 0 0 0 0 0 0
102 6 0 0 2 0 0 0 0 0
112 26 0 0 6 1 0 18 1 0
116 8 1 1 2 0 0 0 0 0
126 14 0 0 4 0 0 0 0 0
134 2 0 0 2 0 0 0 0 0
142 8 0 0 2 0 0 0 0 0
146 8 0 0 4 0 0 0 0 0
150 12 0 0 10 0 0 0 0 0
fl=/build/glibc-HFHis7/glibc-2.27/elf/dl-sort-maps.c
fn=_dl_sort_maps
28 10 1 1 1 0 0 6 0 0
30 3 0 0 1 0 0 1 0 0
33 14 0 0 6 0 0 3 0 0
34 7 1 1 1 0 0 1 0 0
35 8 0 0 2 0 0 4 0 0
39 18 1 1 3 0 0 9 0 0
40 15 0 0 6 0 0 6 0 0
42 6 0 0 3 0 0 0 0 0
53 6 0 0 3 0 0 0 0 0
54 14 0 0 8 0 0 0 0 0
56 6 1 1 6 0 0 0 0 0
57 7 0 0 0 0 0 0 0 0
59 9 0 0 3 0 0 0 0 0
60 6 0 0 0 0 0 0 0 0
90 6 1 1 3 0 0 0 0 0
111 6 0 0 0 0 0 0 0 0
115 16 0 0 8 0 0 0 0 0
118 30 1 1 6 0 0 12 0 0
122 8 0 0 5 0 0 1 0 0
fl=/build/glibc-HFHis7/glibc-2.27/elf/dl-tls.c
fn=_dl_add_to_slotinfo
887 7 2 2 0 0 0 5 0 0
893 3 0 0 2 0 0 0 0 0
896 1 0 0 1 1 0 0 0 0
901 5 0 0 2 0 0 0 0 0
942 3 0 0 1 0 0 1 0 0
943 1 0 0 0 0 0 1 0 0
944 6 1 1 5 0 0 0 0 0
fn=_dl_allocate_tls_init
437 7 2 2 0 0 0 5 0 0
438 4 0 0 1 0 0 1 0 0
442 3 0 0 2 0 0 1 0 0
444 1 0 0 0 0 0 0 0 0
445 1 0 0 0 0 0 1 0 0
448 3 0 0 2 1 0 0 0 0
460 5 1 1 2 0 0 1 0 0
465 17 1 1 9 0 0 1 0 0
471 10 1 1 1 0 0 3 0 0
474 2 0 0 2 0 0 0 0 0
475 2 0 0 0 0 0 0 0 0
481 5 1 1 4 0 0 0 0 0
482 4 0 0 1 0 0 1 0 0
484 4 0 0 2 0 0 1 0 0
485 1 1 1 0 0 0 1 0 0
487 2 0 0 0 0 0 0 0 0
488 2 0 0 1 0 0 0 0 0
491 2 0 0 1 0 0 0 0 0
492 4 0 0 2 0 0 0 0 0
494 2 0 0 0 0 0 0 0 0
495 2 0 0 1 0 0 0 0 0
504 1 0 0 0 0 0 1 0 0
507 16 1 1 3 0 0 9 0 0
521 3 1 1 2 0 0 1 0 0
524 7 0 0 6 0 0 0 0 0
fn=_dl_allocate_tls_storage
332 7 2 2 0 0 0 5 0 0
334 1 0 0 1 0 0 0 0 0
345 1 0 0 1 0 0 0 0 0
346 3 0 0 0 0 0 2 0 0
347 4 0 0 0 0 0 0 0 0
355 4 0 0 0 0 0 0 0 0
356 1 0 0 0 0 0 0 0 0
360 313 1 1 0 0 0 305 19 19
379 1 0 0 0 0 0 1 1 1
381 2 0 0 0 0 0 1 0 0
382 2 0 0 0 0 0 0 0 0
385 6 0 0 5 0 0 0 0 0
fn=_dl_count_modids
108 2 1 1 0 0 0 1 0 0
113 2 0 0 1 0 0 0 0 0
114 2 0 0 2 0 0 0 0 0
fn=_dl_determine_tlsoffset
135 8 2 2 0 0 0 6 0 0
136 2 0 0 0 0 0 1 0 0
137 1 0 0 0 0 0 1 0 0
138 1 0 0 0 0 0 1 0 0
141 3 0 0 1 0 0 0 0 0
144 3 0 0 1 0 0 0 0 0
146 2 0 0 0 0 0 1 0 0
178 1 0 0 0 0 0 1 0 0
180 10 1 1 5 0 0 1 0 0
182 4 0 0 1 0 0 1 0 0
184 3 0 0 1 0 0 0 0 0
185 2 1 1 1 0 0 0 0 0
187 4 0 0 1 0 0 1 0 0
189 6 0 0 3 0 0 0 0 0
201 7 2 2 2 0 0 0 0 0
205 9 1 1 1 0 0 1 0 0
207 2 0 0 0 0 0 0 0 0
208 3 0 0 1 0 0 0 0 0
217 1 0 0 0 0 0 1 0 0
220 3 0 0 2 0 0 1 0 0
221 1 0 0 0 0 0 1 0 0
272 2 0 0 1 0 0 1 0 0
273 6 0 0 5 0 0 0 0 0
fn=_dl_next_tls_modid
48 7 1 1 0 0 0 5 0 0
51 4 1 1 2 0 0 0 0 0
99 1 0 0 0 0 0 1 0 0
103 6 0 0 5 0 0 0 0 0
fn=allocate_dtv
278 6 1 1 0 0 0 4 0 0
285 2 0 0 1 0 0 0 0 0
286 5 0 0 0 0 0 3 0 0
287 3 0 0 0 0 0 0 0 0
290 2 0 0 0 0 0 1 1 1
296 2 0 0 0 0 0 1 0 0
302 4 0 0 4 0 0 0 0 0
fl=/build/glibc-HFHis7/glibc-2.27/elf/dl-tunables.c
fn=__GI___tunables_init
68 371 1 1 159 0 0 0 0 0
71 104 0 0 52 0 0 0 0 0
72 104 0 0 0 0 0 0 0 0
74 4094 0 0 691 28 28 0 0 0
75 639 1 1 0 0 0 0 0 0
78 104 0 0 0 0 0 0 0 0
83 208 0 0 0 0 0 52 0 0
280 4 0 0 1 0 0 1 0 0
289 7 1 1 0 0 0 5 1 1
297 156 0 0 0 0 0 52 0 0
312 4680 1 1 52 0 0 52 0 0
318 5720 0 0 2288 0 0 0 0 0
330 416 2 2 104 0 0 104 0 0
364 6 1 1 5 0 0 0 0 0
fn=__tunable_get_val
370 153 1 1 51 0 0 85 0 0
373 85 1 1 17 9 0 0 0 0
377 8 0 0 4 0 0 4 0 0
378 2 0 0 0 0 0 0 0 0
382 30 0 0 15 1 0 15 0 0
399 68 0 0 17 2 0 0 0 0
401 85 1 1 85 0 0 0 0 0
fl=/build/glibc-HFHis7/glibc-2.27/elf/dl-tunables.h
fn=__GI___tunables_init
120 2626 0 0 1496 9 9 0 0 0
121 2176 0 0 0 0 0 0 0 0
fl=/build/glibc-HFHis7/glibc-2.27/elf/dl-version.c
fn=_dl_check_all_versions
362 8 1 1 3 0 0 4 0 0
364 1 0 0 0 0 0 0 0 0
366 14 1 1 4 0 0 0 0 0
368 48 0 0 4 0 0 16 0 0
371 7 0 0 5 0 0 0 0 0
fn=_dl_check_map_versions
37 22 0 0 8 0 0 0 0 0
38 5 0 0 5 0 0 0 0 0
39 49 1 1 0 0 0 21 0 0
57 18 0 0 12 0 0 6 0 0
65 24 0 0 18 0 0 0 0 0
66 10 0 0 2 0 0 4 0 0
71 18 0 0 6 0 0 0 0 0
87 6 0 0 6 0 0 0 0 0
88 12 0 0 0 0 0 0 0 0
90 6 1 1 6 0 0 0 0 0
95 106 0 0 38 8 8 12 0 0
109 76 0 0 38 3 3 0 0 0
114 72 2 2 18 1 1 18 0 0
121 96 0 0 32 1 1 0 0 0
125 32 0 0 0 0 0 0 0 0
156 28 2 2 0 0 0 20 0 0
157 4 0 0 0 0 0 4 0 0
165 4 0 0 0 0 0 4 0 0
171 20 0 0 8 0 0 4 0 0
173 8 0 0 4 0 0 4 0 0
175 12 1 1 8 0 0 4 0 0
176 12 0 0 8 0 0 4 0 0
178 8 0 0 0 0 0 0 0 0
181 12 0 0 6 0 0 4 0 0
185 8 1 1 2 2 2 0 0 0
201 6 0 0 6 0 0 0 0 0
209 6 0 0 2 0 0 0 0 0
214 10 1 1 4 0 0 2 0 0
218 73 1 1 60 1 1 2 0 0
222 16 0 0 6 1 1 6 0 0
225 36 1 1 12 0 0 6 0 0
228 18 0 0 6 0 0 0 0 0
233 4 0 0 0 0 0 0 0 0
237 8 0 0 4 0 0 0 0 0
251 13 3 3 4 0 0 0 0 0
254 10 0 0 10 0 0 0 0 0
257 184 0 0 45 8 8 2 0 0
260 139 0 0 45 3 3 2 0 0
264 43 0 0 0 0 0 0 0 0
268 9 1 1 3 0 0 0 0 0
273 6 0 0 3 0 0 3 0 0
274 21 2 2 3 0 0 9 0 0
275 9 0 0 0 0 0 0 0 0
285 6 0 0 3 0 0 3 0 0
288 9 1 1 6 0 0 3 0 0
290 9 0 0 3 0 0 0 0 0
293 10 0 0 8 0 0 0 0 0
297 8 0 0 2 0 0 2 0 0
300 6 0 0 6 0 0 0 0 0
302 24 1 1 0 0 0 0 0 0
304 24 0 0 12 0 0 6 0 0
305 18 0 0 0 0 0 6 2 2
306 18 0 0 6 0 0 6 0 0
307 18 0 0 6 0 0 6 0 0
310 18 0 0 6 0 0 0 0 0
315 4 0 0 0 0 0 0 0 0
318 8 0 0 4 0 0 0 0 0
328 9 1 1 3 0 0 0 0 0
331 10 0 0 8 0 0 0 0 0
335 43 0 0 43 0 0 0 0 0
337 90 0 0 45 0 0 0 0 0
341 43 0 0 43 0 0 0 0 0
342 215 0 0 43 0 0 43 12 12
343 129 0 0 43 0 0 43 0 0
344 43 0 0 0 0 0 43 0 0
347 135 0 0 45 0 0 0 0 0
351 43 0 0 0 0 0 0 0 0
357 28 0 0 24 0 0 0 0 0
fl=/build/glibc-HFHis7/glibc-2.27/elf/do-rel.h
fn=_dl_relocate_object
46 16 0 0 0 0 0 0 0 0
47 32 1 1 0 0 0 16 0 0
58 16 0 0 0 0 0 0 0 0
61 40 0 0 12 0 0 0 0 0
83 28 0 0 14 0 0 14 0 0
84 22 0 0 22 0 0 0 0 0
86 56 0 0 28 0 0 6 0 0
98 36 0 0 22 0 0 0 0 0
105 24 0 0 4 0 0 0 0 0
108 18 1 1 6 0 0 0 0 0
111 3971 2 2 4 0 0 0 0 0
112 2634 1 1 1320 3 2 0 0 0
118 50 1 1 22 2 0 0 0 0
121 22 0 0 11 1 0 11 0 0
124 574 4 4 432 1 0 8 0 0
136 720 0 0 480 59 56 0 0 0
137 240 0 0 120 0 0 0 0 0
138 440 1 1 240 0 0 0 0 0
139 480 0 0 240 0 0 240 0 0
160 27 0 0 10 0 0 1 0 0
170 25 0 0 10 1 1 0 0 0
171 15 1 1 10 0 0 5 0 0
fn=_dl_start
83 2 0 0 1 0 0 1 0 0
84 1 0 0 1 0 0 0 0 0
111 122 0 0 1 0 0 0 0 0
112 81 0 0 41 1 1 0 0 0
116 4 0 0 1 0 0 0 0 0
124 34 1 1 10 0 0 2 0 0
136 27 0 0 9 1 1 0 0 0
137 18 0 0 9 0 0 0 0 0
139 27 0 0 18 0 0 9 0 0
fl=/build/glibc-HFHis7/glibc-2.27/elf/get-dynamic-info.h
fn=_dl_map_object_from_fd
42 4 0 0 0 0 0 0 0 0
46 2 0 0 0 0 0 0 0 0
48 141 0 0 47 8 8 0 0 0
50 90 0 0 0 0 0 0 0 0
63 40 1 1 0 0 0 0 0 0
64 67 0 0 0 0 0 43 5 5
65 8 0 0 0 0 0 0 0 0
68 8 1 1 0 0 0 0 0 0
71 8 1 1 0 0 0 0 0 0
73 6 0 0 0 0 0 2 1 1
74 45 0 0 0 0 0 0 0 0
81 4 1 1 0 0 0 0 0 0
101 7 0 0 3 0 0 0 0 0
102 8 0 0 4 0 0 0 0 0
103 8 0 0 4 0 0 0 0 0
104 8 1 1 4 0 0 0 0 0
106 6 0 0 2 0 0 0 0 0
109 8 0 0 4 0 0 0 0 0
111 8 0 0 4 0 0 0 0 0
112 7 0 0 3 1 1 0 0 0
113 8 0 0 4 0 0 0 0 0
119 6 1 1 2 0 0 0 0 0
126 6 0 0 2 0 0 0 0 0
131 6 0 0 2 0 0 0 0 0
135 6 1 1 2 0 0 0 0 0
136 6 0 0 4 0 0 0 0 0
150 6 0 0 2 0 0 0 0 0
155 2 0 0 1 0 0 1 0 0
157 2 0 0 0 0 0 0 0 0
159 2 0 0 0 0 0 0 0 0
161 2 0 0 0 0 0 0 0 0
164 6 1 1 2 0 0 0 0 0
166 3 0 0 1 0 0 1 1 1
174 3 0 0 2 0 0 0 0 0
179 2 0 0 0 0 0 0 0 0
182 6 0 0 2 0 0 0 0 0
fn=_dl_start
48 57 0 0 19 4 4 0 0 0
50 36 0 0 0 0 0 0 0 0
63 22 0 0 0 0 0 0 0 0
64 29 0 0 0 0 0 17 3 3
65 4 1 1 0 0 0 0 0 0
68 4 1 1 0 0 0 0 0 0
71 4 1 1 0 0 0 0 0 0
73 3 0 0 0 0 0 1 1 1
74 18 0 0 0 0 0 0 0 0
81 2 0 0 0 0 0 0 0 0
101 4 0 0 2 0 0 0 0 0
102 4 0 0 2 0 0 0 0 0
103 4 1 1 2 0 0 0 0 0
104 4 0 0 2 0 0 0 0 0
109 4 0 0 2 0 0 0 0 0
111 4 0 0 2 0 0 0 0 0
112 4 0 0 2 0 0 0 0 0
113 4 1 1 2 0 0 0 0 0
119 3 0 0 1 0 0 0 0 0
122 2 0 0 1 0 0 0 0 0
135 3 0 0 1 0 0 0 0 0
136 3 0 0 2 0 0 0 0 0
140 3 1 1 1 0 0 0 0 0
143 3 0 0 1 0 0 0 0 0
147 3 0 0 1 0 0 0 0 0
148 3 1 1 1 0 0 0 0 0
fn=dl_main
33 1 0 0 1 0 0 0 0 0
42 2 0 0 0 0 0 0 0 0
46 1 0 0 0 0 0 0 0 0
48 81 0 0 27 5 5 0 0 0
50 52 0 0 0 0 0 0 0 0
63 24 0 0 0 0 0 0 0 0
64 40 1 1 0 0 0 25 3 3
65 4 1 1 0 0 0 0 0 0
68 4 0 0 0 0 0 0 0 0
71 4 1 1 0 0 0 0 0 0
73 3 0 0 0 0 0 1 0 0
74 26 0 0 0 0 0 0 0 0
81 3 0 0 1 0 0 0 0 0
101 3 0 0 1 0 0 0 0 0
102 4 0 0 2 0 0 0 0 0
103 4 0 0 2 0 0 0 0 0
104 4 0 0 2 0 0 0 0 0
106 3 0 0 1 0 0 0 0 0
109 4 1 1 2 0 0 0 0 0
111 4 0 0 2 0 0 0 0 0
112 4 0 0 2 0 0 0 0 0
113 4 0 0 2 0 0 0 0 0
119 3 0 0 1 0 0 0 0 0
126 3 0 0 1 0 0 0 0 0
131 3 1 1 1 0 0 0 0 0
135 3 0 0 1 0 0 0 0 0
136 3 0 0 2 0 0 0 0 0
150 3 0 0 1 0 0 0 0 0
155 2 0 0 1 0 0 1 0 0
157 2 1 1 0 0 0 0 0 0
159 2 0 0 0 0 0 0 0 0
161 2 0 0 0 0 0 0 0 0
162 1 0 0 0 0 0 1 0 0
164 3 0 0 1 0 0 0 0 0
166 2 0 0 1 0 0 1 0 0
174 3 1 1 2 0 0 0 0 0
179 2 0 0 0 0 0 0 0 0
180 2 0 0 1 0 0 1 0 0
182 3 0 0 1 0 0 0 0 0
fl=/build/glibc-HFHis7/glibc-2.27/elf/rtld.c
fn=_dl_start
393 4 0 0 0 0 0 2 1 1
394 1 0 0 0 0 0 1 0 0
395 2 1 1 0 0 0 1 1 1
396 2 0 0 0 0 0 1 0 0
397 2 0 0 0 0 0 1 0 0
405 3 0 0 0 0 0 2 0 0
408 1 0 0 0 0 0 1 0 0
414 7 0 0 2 0 0 3 0 0
423 1 0 0 0 0 0 0 0 0
426 4 0 0 2 1 0 2 1 0
430 3 0 0 1 0 0 0 0 0
444 8 1 1 0 0 0 5 1 1
463 3 0 0 0 0 0 2 1 1
486 1 1 1 0 0 0 1 0 0
489 1 0 0 0 0 0 1 1 1
500 2 0 0 0 0 0 0 0 0
505 34 3 3 15 0 0 7 0 0
507 1 0 0 1 1 1 0 0 0
532 7 0 0 5 1 0 0 0 0
fn=dl_main
799 2 0 0 2 0 0 0 0 0
801 1 0 0 0 0 0 1 0 0
810 1 0 0 0 0 0 1 0 0
812 1 1 1 0 0 0 1 0 0
817 1 0 0 0 0 0 1 0 0
870 8 1 1 0 0 0 5 0 0
876 1 0 0 0 0 0 0 0 0
879 1 1 1 0 0 0 1 0 0
885 1 0 0 0 0 0 1 0 0
887 2 1 1 0 0 0 1 1 1
891 3 0 0 0 0 0 2 2 2
892 2 0 0 0 0 0 1 0 0
897 2 0 0 0 0 0 1 0 0
907 5 0 0 3 0 0 0 0 0
1108 12 1 1 1 0 0 8 0 0
1110 3 1 1 0 0 0 0 0 0
1111 2 0 0 1 0 0 1 0 0
1112 2 0 0 1 0 0 1 0 0
1113 3 0 0 2 0 0 1 0 0
1117 4 0 0 0 0 0 3 0 0
1118 4 0 0 2 0 0 0 0 0
1139 1 0 0 0 0 0 1 0 0
1140 1 0 0 0 0 0 1 0 0
1142 1 0 0 0 0 0 1 0 0
1144 1 0 0 1 0 0 0 0 0
1147 33 1 1 12 0 0 1 0 0
1148 71 1 1 9 4 4 0 0 0
1152 3 1 1 2 0 0 1 0 0
1153 1 0 0 0 0 0 0 0 0
1157 3 1 1 2 0 0 1 0 0
1158 1 0 0 0 0 0 0 0 0
1166 2 0 0 1 0 0 1 1 1
1167 2 0 0 2 0 0 0 0 0
1169 4 0 0 1 0 0 2 0 0
1176 3 1 1 1 0 0 0 0 0
1194 2 0 0 0 0 0 0 0 0
1202 4 0 0 2 0 0 0 0 0
1203 12 1 1 7 0 0 1 0 0
1204 4 0 0 2 0 0 0 0 0
1205 1 1 1 0 0 0 1 0 0
1208 4 0 0 2 1 1 0 0 0
1209 4 0 0 2 0 0 0 0 0
1210 2 0 0 0 0 0 2 0 0
1211 6 0 0 3 0 0 0 0 0
1212 2 0 0 0 0 0 1 0 0
1239 3 0 0 2 0 0 1 0 0
1240 1 0 0 0 0 0 0 0 0
1243 2 0 0 1 0 0 1 0 0
1244 2 0 0 1 1 1 1 0 0
1245 1 0 0 0 0 0 0 0 0
1250 3 1 1 1 1 1 0 0 0
1253 3 1 1 1 0 0 0 0 0
1255 3 0 0 1 0 0 0 0 0
1257 4 0 0 2 0 0 0 0 0
1270 4 1 1 2 0 0 0 0 0
1271 9 0 0 2 0 0 4 0 0
1273 3 0 0 3 0 0 0 0 0
1276 2 0 0 1 0 0 1 0 0
1278 1 1 1 0 0 0 1 0 0
1279 1 0 0 0 0 0 1 0 0
1281 4 0 0 2 0 0 0 0 0
1282 3 0 0 1 0 0 1 0 0
1286 3 0 0 2 0 0 0 0 0
1288 2 1 1 1 0 0 0 0 0
1293 4 0 0 0 0 0 2 0 0
1296 2 0 0 1 0 0 0 0 0
1312 5 1 1 1 0 0 2 0 0
1318 11 2 2 3 0 0 2 0 0
1323 4 1 1 2 0 0 2 0 0
1326 6 0 0 2 0 0 4 0 0
1328 1 0 0 0 0 0 1 0 0
1333 3 1 1 1 0 0 0 0 0
1336 4 0 0 3 0 0 1 0 0
1337 5 1 1 2 0 0 1 0 0
1338 2 0 0 1 0 0 1 0 0
1339 1 0 0 0 0 0 1 0 0
1340 1 0 0 1 0 0 0 0 0
1341 2 0 0 2 0 0 0 0 0
1346 2 0 0 1 0 0 0 0 0
1347 5 0 0 1 0 0 1 0 0
1364 3 1 1 2 1 1 0 0 0
1365 3 0 0 2 0 0 0 0 0
1367 3 0 0 2 0 0 0 0 0
1369 4 0 0 0 0 0 1 0 0
1370 2 1 1 1 0 0 1 0 0
1375 4 0 0 0 0 0 0 0 0
1376 5 0 0 1 1 1 0 0 0
1378 3 1 1 2 0 0 1 1 1
1379 2 1 1 1 1 1 1 0 0
1384 3 0 0 2 0 0 0 0 0
1386 1 0 0 1 0 0 0 0 0
1389 1 0 0 0 0 0 1 0 0
1390 4 1 1 2 0 0 0 0 0
1391 2 0 0 0 0 0 0 0 0
1570 2 0 0 0 0 0 2 0 0
1578 3 0 0 1 0 0 0 0 0
1581 2 0 0 1 0 0 1 0 0
1585 4 1 1 2 0 0 0 0 0
1590 2 0 0 1 0 0 1 0 0
1591 1 0 0 0 0 0 1 0 0
1592 1 0 0 0 0 0 0 0 0
1596 3 0 0 2 0 0 0 0 0
1611 3 1 1 2 0 0 0 0 0
1612 1 0 0 0 0 0 0 0 0
1613 1 0 0 0 0 0 1 0 0
1615 4 0 0 2 0 0 0 0 0
1617 3 0 0 0 0 0 2 0 0
1618 8 1 1 1 0 0 6 0 0
1619 1 0 0 0 0 0 0 0 0
1621 5 0 0 4 0 0 0 0 0
1631 10 0 0 1 0 0 5 0 0
1708 4 1 1 2 0 0 0 0 0
1712 7 1 1 1 0 0 0 0 0
1713 1 0 0 0 0 0 0 0 0
1716 2 1 1 0 0 0 1 0 0
1717 1 0 0 1 0 0 0 0 0
1718 2 0 0 0 0 0 0 0 0
1719 2 0 0 1 0 0 0 0 0
1725 3 0 0 0 0 0 0 0 0
1726 11 0 0 2 0 0 7 0 0
1727 1 0 0 0 0 0 0 0 0
1729 5 1 1 3 0 0 0 0 0
1732 12 0 0 1 0 0 0 0 0
1733 14 0 0 9 0 0 0 0 0
1736 4 1 1 3 0 0 1 0 0
1737 3 0 0 1 0 0 0 0 0
1738 1 0 0 0 0 0 1 0 0
1740 9 1 1 0 0 0 0 0 0
1741 10 0 0 7 0 0 0 0 0
1751 2 1 1 0 0 0 1 0 0
1753 6 1 1 2 0 0 2 0 0
1754 2 0 0 1 0 0 0 0 0
1756 3 1 1 1 0 0 1 0 0
1758 3 0 0 0 0 0 0 0 0
1760 3 0 0 1 0 0 0 0 0
1774 5 1 1 4 0 0 0 0 0
1775 2 0 0 1 0 0 1 0 0
1776 4 0 0 2 0 0 0 0 0
1787 4 2 2 1 0 0 1 0 0
1788 2 0 0 1 0 0 1 0 0
1789 10 0 0 1 0 0 6 0 0
1799 2 0 0 1 0 0 1 0 0
1800 3 1 1 1 0 0 0 0 0
1801 2 0 0 0 0 0 2 0 0
1803 2 0 0 1 0 0 0 0 0
1808 2 0 0 1 0 0 0 0 0
2038 3 0 0 1 1 1 0 0 0
2094 3 1 1 1 0 0 1 0 0
2098 4 0 0 2 0 0 2 0 0
2104 2 1 1 1 0 0 1 0 0
2107 2 0 0 1 0 0 0 0 0
2161 5 1 1 2 0 0 1 0 0
2168 1 0 0 1 0 0 0 0 0
2170 5 1 1 0 0 0 2 0 0
2171 1 0 0 1 0 0 0 0 0
2172 16 1 1 0 0 0 0 0 0
2174 8 0 0 8 0 0 0 0 0
2179 8 0 0 8 0 0 0 0 0
2181 10 0 0 0 0 0 0 0 0
2183 1 1 1 0 0 0 1 0 0
2184 1 0 0 1 0 0 0 0 0
2187 4 1 1 4 0 0 0 0 0
2189 11 0 0 4 0 0 3 0 0
2190 42 0 0 18 2 0 16 0 0
2194 19 0 0 6 1 0 0 0 0
2195 7 0 0 1 0 0 3 0 0
2197 1 0 0 0 0 0 0 0 0
2199 5 0 0 3 0 0 2 0 0
2205 2 0 0 1 0 0 0 0 0
2210 5 1 1 3 0 0 0 0 0
2212 2 1 1 2 0 0 0 0 0
2219 4 0 0 1 0 0 2 0 0
2222 4 0 0 2 0 0 0 0 0
2231 4 1 1 3 0 0 0 0 0
2233 5 0 0 1 0 0 0 0 0
2248 3 0 0 0 0 0 0 0 0
2250 2 0 0 2 0 0 0 0 0
2251 5 1 1 2 0 0 5 0 0
2252 1 0 0 0 0 0 0 0 0
2254 6 0 0 3 0 0 0 0 0
2262 1 0 0 0 0 0 1 0 0
2266 3 0 0 2 0 0 0 0 0
2286 6 1 1 0 0 0 5 0 0
2287 1 0 0 0 0 0 1 0 0
2288 1 0 0 0 0 0 1 0 0
2289 1 0 0 0 0 0 0 0 0
2293 1 0 0 0 0 0 1 0 0
2298 6 0 0 5 2 0 0 0 0
2464 2 1 1 1 0 0 1 0 0
2466 1 0 0 0 0 0 1 0 0
2467 1 0 0 0 0 0 1 0 0
2471 8 1 1 2 0 0 2 1 1
2473 21 0 0 3 0 0 6 1 1
2475 2 0 0 0 0 0 0 0 0
2477 105 1 1 21 0 0 0 0 0
2478 19 0 0 0 0 0 0 0 0
2480 4 0 0 0 0 0 0 0 0
2486 14 0 0 4 2 2 0 0 0
2502 2 0 0 0 0 0 1 0 0
2507 2 1 1 1 0 0 0 0 0
2514 11 1 1 1 0 0 4 0 0
2516 3 0 0 0 0 0 1 0 0
2541 1 1 1 0 0 0 1 0 0
2562 4 1 1 2 0 0 0 0 0
2563 10 1 1 0 0 0 5 0 0
2565 3 2 2 0 0 0 1 1 1
2625 3 0 0 0 0 0 1 0 0
2635 4 0 0 2 0 0 0 0 0
2667 4 1 1 2 0 0 0 0 0
fn=do_preload
750 9 2 2 0 0 0 5 0 0
752 1 0 0 0 0 0 1 0 0
756 1 0 0 0 0 0 1 0 0
757 1 0 0 0 0 0 1 0 0
758 1 0 0 0 0 0 1 0 0
760 1 0 0 1 0 0 0 0 0
762 11 1 1 0 0 0 6 0 0
763 4 0 0 1 0 0 0 0 0
771 3 0 0 1 0 0 0 0 0
777 6 0 0 5 0 0 0 0 0
fn=dso_name_valid_for_suid
120 5 1 1 0 0 0 2 0 0
121 3 0 0 1 0 0 0 0 0
129 2 0 0 1 0 0 0 0 0
130 4 0 0 2 0 0 0 0 0
fn=handle_ld_preload
837 8 1 1 1 0 0 5 0 0
838 1 0 0 0 0 0 1 1 1
842 4 0 0 2 0 0 0 0 0
845 8 0 0 0 0 0 3 0 0
846 3 1 1 0 0 0 0 0 0
848 6 0 0 0 0 0 5 0 0
849 4 0 0 1 0 0 1 0 0
855 1 0 0 0 0 0 0 0 0
857 2 0 0 1 0 0 0 0 0
859 4 0 0 0 0 0 1 0 0
860 5 0 0 2 0 0 1 0 0
863 7 0 0 6 0 0 0 0 0
fn=init_tls
681 6 1 1 0 0 0 4 0 0
683 2 0 0 1 0 0 1 0 0
687 2 0 0 1 0 0 0 0 0
693 2 0 0 0 0 0 1 0 0
696 1 0 0 0 0 0 1 0 0
697 7 0 0 0 0 0 5 0 0
702 1 1 1 0 0 0 0 0 0
704 1 0 0 0 0 0 1 0 0
708 3 0 0 1 1 1 0 0 0
709 1 0 0 0 0 0 0 0 0
710 11 0 0 1 0 0 0 0 0
711 8 0 0 4 0 0 0 0 0
712 8 1 1 4 0 0 0 0 0
716 1 0 0 0 0 0 1 0 0
718 1 0 0 0 0 0 0 0 0
720 2 0 0 0 0 0 0 0 0
723 1 0 0 0 0 0 1 0 0
730 2 0 0 0 0 0 1 0 0
731 2 0 0 0 0 0 0 0 0
737 2 1 1 1 0 0 1 0 0
740 12 0 0 2 0 0 3 0 0
743 1 0 0 0 0 0 1 0 0
745 1 0 0 0 0 0 0 0 0
746 6 1 1 4 0 0 0 0 0
fn=map_doit
588 3 1 1 1 0 0 1 0 0
590 4 0 0 1 0 0 0 0 0
591 8 0 0 2 0 0 8 0 0
593 3 0 0 2 0 0 0 0 0
fn=rtld_lock_default_lock_recursive
783 4 1 1 4 0 0 0 0 0
784 4 0 0 4 1 1 0 0 0
785 4 0 0 4 0 0 0 0 0
fn=rtld_lock_default_unlock_recursive
789 4 0 0 4 0 0 0 0 0
790 4 0 0 4 1 0 0 0 0
791 4 0 0 4 0 0 0 0 0
fn=version_check_doit
621 5 2 2 1 0 0 2 0 0
623 7 0 0 2 0 0 4 0 0
627 3 0 0 2 0 0 0 0 0
fl=/build/glibc-HFHis7/glibc-2.27/elf/setup-vdso.h
fn=dl_main
24 4 1 1 2 0 0 0 0 0
fl=/build/glibc-HFHis7/glibc-2.27/io/../sysdeps/unix/sysv/linux/access.c
fn=access
25 1 1 1 0 0 0 1 0 0
27 11 1 1 2 0 0 2 0 0
31 2 0 0 2 0 0 0 0 0
fl=/build/glibc-HFHis7/glibc-2.27/io/../sysdeps/unix/sysv/linux/close.c
fn=close
26 3 0 0 0 0 0 3 0 0
27 21 0 0 3 0 0 3 0 0
28 6 0 0 6 0 0 0 0 0
fl=/build/glibc-HFHis7/glibc-2.27/io/../sysdeps/unix/sysv/linux/fxstat64.c
fn=__fxstat64
33 3 1 1 0 0 0 3 0 0
35 24 0 0 6 0 0 3 0 0
41 6 0 0 6 0 0 0 0 0
fn=__fxstat64@@GLIBC_2.2
33 1 1 1 0 0 0 1 0 0
35 6 0 0 3 0 0 1 0 0
41 2 0 0 2 0 0 0 0 0
fl=/build/glibc-HFHis7/glibc-2.27/io/../sysdeps/unix/sysv/linux/open.c
fn=open
33 66 1 1 11 0 0 44 2 2
36 77 0 0 0 0 0 0 0 0
44 90 0 0 11 0 0 8 0 0
45 44 1 1 44 0 0 0 0 0
fl=/build/glibc-HFHis7/glibc-2.27/io/../sysdeps/unix/sysv/linux/read.c
fn=read
26 8 1 1 0 0 0 6 0 0
27 14 1 1 6 0 0 0 0 0
28 6 0 0 6 0 0 0 0 0
fl=/build/glibc-HFHis7/glibc-2.27/io/../sysdeps/unix/sysv/linux/xstat64.c
fn=__xstat64
33 8 1 1 0 0 0 8 0 0
35 85 0 0 16 0 0 15 0 0
41 16 0 0 16 0 0 0 0 0
fl=/build/glibc-HFHis7/glibc-2.27/libio/filedoalloc.c
fn=_IO_file_doallocate
78 11 1 1 2 0 0 6 0 0
84 13 1 1 4 0 0 3 1 0
86 4 1 1 1 1 0 0 0 0
97 4 0 0 1 0 0 0 0 0
101 4 0 0 0 0 0 2 0 0
102 3 0 0 0 0 0 0 0 0
104 6 0 0 0 0 0 5 0 0
105 2 1 1 0 0 0 0 0 0
106 9 0 0 7 1 0 0 0 0
fl=/build/glibc-HFHis7/glibc-2.27/libio/fileops.c
fn=_IO_do_write@@GLIBC_2.1
431 4 1 1 1 0 0 1 0 0
433 2 0 0 0 0 0 0 0 0
434 3 0 0 2 0 0 0 0 0
fn=_IO_file_overflow@@GLIBC_2.1
746 9 2 2 2 0 0 5 0 0
747 3 0 0 1 0 0 0 0 0
754 3 0 0 1 0 0 0 0 0
757 2 1 1 0 0 0 0 0 0
759 3 1 1 0 0 0 2 1 0
760 7 0 0 2 0 0 3 0 0
769 2 1 1 0 0 0 0 0 0
778 4 0 0 2 0 0 0 0 0
780 1 0 0 0 0 0 1 0 0
781 1 0 0 0 0 0 1 0 0
782 1 0 0 0 0 0 1 0 0
783 2 0 0 0 0 0 2 0 0
785 3 0 0 0 0 0 1 0 0
786 5 0 0 1 1 0 0 0 0
789 2 0 0 0 0 0 0 0 0
790 6 0 0 0 0 0 4 0 0
791 2 1 1 1 0 0 0 0 0
802 6 0 0 5 1 0 0 0 0
fn=_IO_file_stat
1169 1 1 1 0 0 0 0 0 0
1170 5 0 0 3 0 0 4 1 0
1171 2 0 0 1 0 0 0 0 0
fn=_IO_file_xsputn@@GLIBC_2.1
1220 27 2 2 6 0 0 15 0 0
1226 6 0 0 0 0 0 0 0 0
1227 3 0 0 0 0 0 0 0 0
1233 15 0 0 6 0 0 0 0 0
1250 10 1 1 3 0 0 0 0 0
1251 2 0 0 0 0 0 0 0 0
1254 10 0 0 0 0 0 2 0 0
1258 18 0 0 2 0 0 12 0 0
1259 2 0 0 2 0 0 0 0 0
1260 8 0 0 2 0 0 0 0 0
1262 6 0 0 2 0 0 0 0 0
1266 9 0 0 3 0 0 3 1 0
1272 2 1 1 2 0 0 0 0 0
1273 7 0 0 0 0 0 0 0 0
1275 2 0 0 0 0 0 0 0 0
1280 4 0 0 0 0 0 0 0 0
1286 4 0 0 0 0 0 1 0 0
1287 11 1 1 2 1 0 4 0 0
1290 21 1 1 15 0 0 0 0 0
fl=/build/glibc-HFHis7/glibc-2.27/libio/genops.c
fn=_IO_default_xsputn
389 9 1 1 2 0 0 5 0 0
392 4 0 0 1 0 0 1 0 0
393 1 0 0 1 0 0 0 0 0
397 4 0 0 2 0 0 0 0 0
399 3 0 0 0 0 0 0 0 0
402 2 0 0 0 0 0 0 0 0
407 4 1 1 0 0 0 0 0 0
411 22 0 0 0 0 0 0 0 0
412 33 1 1 11 1 0 11 0 0
413 4 0 0 0 0 0 1 0 0
415 1 0 0 0 0 0 0 0 0
417 2 0 0 0 0 0 0 0 0
422 6 0 0 5 0 0 0 0 0
fn=_IO_doallocbuf
361 8 2 2 1 0 0 5 0 0
362 3 0 0 1 0 0 0 0 0
364 3 0 0 1 0 0 0 0 0
365 8 1 1 3 1 0 2 1 0
368 6 0 0 5 1 0 0 0 0
fn=_IO_setb
347 6 1 1 1 0 0 3 0 0
348 4 0 0 2 1 0 0 0 0
350 2 0 0 1 0 0 1 0 0
351 2 0 0 1 0 0 1 0 0
353 7 0 0 1 0 0 1 0 0
356 4 0 0 3 0 0 0 0 0
fl=/build/glibc-HFHis7/glibc-2.27/libio/libioP.h
fn=_IO_default_xsputn
870 8 1 1 1 0 0 2 0 0
fn=_IO_doallocbuf
870 3 0 0 0 0 0 0 0 0
872 2 0 0 0 0 0 0 0 0
873 2 0 0 0 0 0 0 0 0
fn=_IO_file_doallocate
870 3 0 0 0 0 0 0 0 0
872 2 0 0 0 0 0 0 0 0
873 2 0 0 0 0 0 0 0 0
fn=_IO_file_xsputn@@GLIBC_2.1
870 3 0 0 0 0 0 0 0 0
872 2 0 0 0 0 0 0 0 0
873 2 0 0 0 0 0 0 0 0
fl=/build/glibc-HFHis7/glibc-2.27/libio/oldstdfiles.c
fn=_IO_check_libio
77 2 1 1 0 0 0 1 0 0
78 4 0 0 2 0 0 0 0 0
fl=/build/glibc-HFHis7/glibc-2.27/malloc/arena.c
fn=malloc_hook_ini
291 3 0 0 1 1 1 0 0 0
fn=ptmalloc_init.part.0
289 8 2 2 1 0 0 4 0 0
294 1 0 0 0 0 0 1 0 0
302 3 0 0 1 1 1 0 0 0
303 11 1 1 0 0 0 5 1 0
304 5 1 1 2 1 0 0 0 0
308 8 1 1 2 2 0 1 1 0
313 6 1 1 1 1 0 4 0 0
314 5 0 0 1 1 0 4 0 0
315 5 0 0 1 1 0 4 0 0
316 5 0 0 1 1 0 4 0 0
317 5 1 1 1 0 0 4 0 0
318 5 0 0 1 1 0 4 0 0
319 5 0 0 1 0 0 4 0 0
320 5 0 0 1 0 0 4 0 0
322 5 1 1 1 0 0 4 0 0
323 5 0 0 1 0 0 4 0 0
324 5 0 0 1 0 0 4 0 0
395 2 0 0 2 1 1 0 0 0
396 3 0 0 0 0 0 0 0 0
399 1 0 0 0 0 0 1 1 0
400 7 0 0 5 0 0 0 0 0
fl=/build/glibc-HFHis7/glibc-2.27/malloc/hooks.c
fn=malloc_hook_ini
29 5 1 1 1 0 0 2 0 0
30 2 0 0 1 0 0 1 0 0
32 3 1 1 0 0 0 2 2 0
33 2 0 0 1 0 0 0 0 0
fl=/build/glibc-HFHis7/glibc-2.27/malloc/malloc.c
fn=_int_malloc
1887 24 1 1 8 2 0 0 0 0
2942 8 1 1 4 0 0 0 0 0
3521 56 1 1 0 0 0 40 0 0
3553 88 0 0 0 0 0 0 0 0
3557 32 1 1 0 0 0 8 3 1
3559 12 1 1 0 0 0 4 2 0
3560 8 0 0 0 0 0 0 0 0
3581 16 0 0 8 2 0 0 0 0
3639 16 1 1 0 0 0 0 0 0
3641 36 3 3 3 0 0 11 0 0
3642 3 0 0 0 0 0 1 0 0
3644 3 0 0 1 0 0 0 0 0
3701 288 3 3 41 0 0 80 1 0
3702 42 0 0 7 0 0 7 0 0
3703 1 1 1 0 0 0 0 0 0
3720 46 1 1 7 0 0 16 0 0
3721 24 0 0 0 0 0 8 0 0
3722 64 2 2 24 0 0 24 1 0
3726 64 1 1 8 0 0 32 0 0
3731 8 0 0 0 0 0 8 0 0
3732 24 1 1 8 0 0 8 0 0
3792 32 0 0 24 0 0 8 0 0
3879 48 0 0 24 3 0 16 0 0
3893 32 1 1 8 0 0 0 0 0
3904 24 2 2 8 0 0 0 0 0
3906 21 0 0 7 0 0 0 0 0
3909 21 0 0 7 2 0 0 0 0
3977 16 0 0 8 0 0 0 0 0
3978 8 0 0 0 0 0 0 0 0
3979 16 0 0 0 0 0 0 0 0
3980 8 0 0 8 2 0 0 0 0
3981 16 0 0 0 0 0 0 0 0
3986 16 1 1 0 0 0 0 0 0
3990 42 1 1 0 0 0 0 0 0
3993 18 0 0 6 0 0 0 0 0
4090 8 0 0 8 0 0 0 0 0
4091 16 0 0 8 1 0 0 0 0
4093 32 0 0 8 0 0 0 0 0
4095 8 0 0 0 0 0 0 0 0
4096 4 0 0 0 0 0 0 0 0
4097 4 0 0 0 0 0 4 0 0
4098 32 0 0 0 0 0 4 0 0
4100 12 1 1 0 0 0 4 4 4
4103 8 0 0 0 0 0 0 0 0
4110 12 0 0 4 0 0 0 0 0
4125 16 0 0 4 0 0 0 0 0
4131 56 1 1 40 0 0 0 0 0
fn=malloc
2983 5 1 1 2 0 0 2 0 0
3028 64 2 2 8 0 0 40 0 0
3033 16 0 0 16 5 0 0 0 0
3034 16 0 0 0 0 0 0 0 0
3035 6 1 1 1 0 0 3 0 0
3039 77 1 1 0 0 0 0 0 0
3040 14 0 0 0 0 0 0 0 0
3042 35 1 1 21 4 0 0 0 0
3045 15 0 0 8 2 0 0 0 0
3055 21 0 0 7 0 0 0 0 0
3057 28 1 1 0 0 0 7 1 0
3058 43 0 0 7 0 0 0 0 0
3081 56 1 1 40 1 0 0 0 0
fn=ptmalloc_init.part.0
1814 254 0 0 0 0 0 0 0 0
1817 381 0 0 0 0 0 254 17 16
1825 1 0 0 0 0 0 1 1 1
1826 1 0 0 0 0 0 1 1 0
1828 1 0 0 0 0 0 1 0 0
fn=sysmalloc
2274 32 2 2 0 0 0 20 0 0
2294 8 0 0 8 4 0 0 0 0
2305 8 0 0 0 0 0 0 0 0
2306 14 0 0 4 2 0 1 0 0
2307 9 1 1 6 0 0 0 0 0
2323 16 0 0 0 0 0 3 0 0
2327 6 0 0 0 0 0 0 0 0
2329 30 1 1 0 0 0 30 4 0
2331 12 0 0 3 0 0 0 0 0
2350 3 1 1 0 0 0 0 0 0
2351 9 1 1 0 0 0 0 0 0
2353 6 1 1 0 0 0 0 0 0
2354 3 0 0 0 0 0 0 0 0
2355 6 0 0 0 0 0 3 3 3
2356 15 0 0 0 0 0 3 0 0
2367 12 0 0 6 0 0 0 0 0
2368 15 0 0 6 0 0 0 0 0
2371 12 1 1 6 0 0 0 0 0
2372 15 0 0 6 0 0 0 0 0
2387 1 0 0 1 0 0 0 0 0
2388 3 1 1 1 0 0 0 0 0
2389 1 0 0 0 0 0 0 0 0
2398 4 0 0 1 0 0 0 0 0
2404 4 1 1 0 0 0 1 0 0
2407 4 0 0 0 0 0 1 0 0
2449 3 1 1 1 0 0 2 0 0
2460 3 0 0 1 0 0 0 0 0
2468 2 0 0 1 0 0 0 0 0
2469 1 1 1 0 0 0 0 0 0
2479 7 0 0 0 0 0 4 0 0
2487 2 0 0 0 0 0 0 0 0
2489 6 1 1 3 0 0 3 0 0
2490 1 0 0 0 0 0 0 0 0
2493 4 0 0 1 0 0 0 0 0
2496 6 1 1 3 0 0 3 0 0
2497 2 0 0 0 0 0 0 0 0
2543 3 0 0 1 0 0 0 0 0
2544 2 1 1 0 0 0 1 0 0
2545 5 0 0 2 0 0 2 0 0
2551 2 0 0 1 0 0 0 0 0
2554 4 1 1 1 0 0 0 0 0
2588 2 1 1 0 0 0 0 0 0
2593 1 0 0 0 0 0 0 0 0
2594 2 0 0 0 0 0 0 0 0
2604 2 0 0 0 0 0 0 0 0
2605 3 0 0 0 0 0 1 0 0
2616 3 0 0 1 0 0 0 0 0
2617 6 1 1 2 0 0 1 0 0
2619 3 0 0 0 0 0 1 0 0
2620 6 0 0 2 0 0 4 0 0
2632 5 0 0 2 0 0 0 0 0
2640 2 1 1 2 0 0 0 0 0
2641 6 1 1 2 0 0 1 0 0
2679 1 0 0 0 0 0 1 0 0
2680 5 1 1 2 0 0 1 1 1
2681 3 1 1 2 0 0 1 0 0
2692 2 0 0 0 0 0 0 0 0
2724 3 1 1 2 0 0 0 0 0
2725 1 0 0 0 0 0 1 0 0
2730 2 0 0 1 0 0 0 0 0
2733 2 0 0 1 0 0 0 0 0
2735 1 0 0 0 0 0 0 0 0
2736 1 0 0 0 0 0 0 0 0
2737 1 0 0 0 0 0 1 0 0
2738 8 1 1 1 0 0 1 0 0
2739 2 0 0 0 0 0 1 1 1
2741 1 0 0 0 0 0 0 0 0
2747 28 0 0 20 0 0 0 0 0
fn=tcache_init.part.5
2977 5 1 1 0 0 0 4 0 0
2986 11 1 1 5 0 0 0 0 0
2987 4 0 0 0 0 0 1 0 0
2988 2 0 0 0 0 0 0 0 0
2996 4 1 1 2 0 0 0 0 0
3003 2 0 0 0 0 0 0 0 0
3005 2 0 0 1 0 0 1 0 0
3006 88 0 0 0 0 0 81 4 4
3009 4 0 0 4 0 0 0 0 0
fl=/build/glibc-HFHis7/glibc-2.27/malloc/morecore.c
fn=__default_morecore
46 2 1 1 0 0 0 0 0 0
47 4 0 0 2 0 0 4 0 0
49 6 0 0 0 0 0 0 0 0
52 4 0 0 2 0 0 0 0 0
fl=/build/glibc-HFHis7/glibc-2.27/math/../sysdeps/i386/fpu/s_frexpl.S
fn=???
61 30 2 2 30 0 0 0 0 0
fl=/build/glibc-HFHis7/glibc-2.27/misc/../sysdeps/unix/syscall-template.S
fn=mprotect
78 45 1 1 20 0 0 5 0 0
79 5 0 0 5 0 0 0 0 0
fn=munmap
78 8 1 1 2 0 0 0 0 0
79 1 0 0 1 0 0 0 0 0
fl=/build/glibc-HFHis7/glibc-2.27/misc/../sysdeps/unix/sysv/linux/i386/brk.c
fn=brk
38 12 1 1 3 0 0 6 0 0
40 6 0 0 3 0 0 3 0 0
41 6 0 0 3 0 0 3 0 0
42 6 0 0 0 0 0 0 0 0
45 9 0 0 6 0 0 0 0 0
fl=/build/glibc-HFHis7/glibc-2.27/misc/../sysdeps/unix/sysv/linux/mmap.c
fn=mmap
35 128 3 3 60 0 0 54 3 1
38 20 0 0 0 0 0 0 0 0
42 60 1 1 3 0 0 3 0 0
48 57 0 0 50 0 0 0 0 0
fl=/build/glibc-HFHis7/glibc-2.27/misc/init-misc.c
fn=__init_misc
30 6 2 2 1 0 0 4 0 0
31 5 0 0 1 0 0 0 0 0
33 5 0 0 0 0 0 3 0 0
34 2 0 0 0 0 0 0 0 0
37 3 0 0 1 0 0 1 1 0
38 3 0 0 2 0 0 1 0 0
40 4 0 0 4 0 0 0 0 0
fl=/build/glibc-HFHis7/glibc-2.27/misc/sbrk.c
fn=sbrk
32 16 1 1 2 0 0 10 0 0
40 11 1 1 5 2 0 0 0 0
41 7 0 0 1 0 0 2 0 0
44 4 0 0 0 0 0 0 0 0
48 12 0 0 0 0 0 0 0 0
56 14 1 1 0 0 0 4 0 0
60 14 0 0 10 0 0 0 0 0
fl=/build/glibc-HFHis7/glibc-2.27/posix/../sysdeps/unix/syscall-template.S
fn=uname
78 7 1 1 1 0 0 0 0 0
79 1 0 0 1 0 0 0 0 0
fl=/build/glibc-HFHis7/glibc-2.27/setjmp/../sysdeps/i386/bsd-_setjmp.S
fn=_setjmp
33 1 1 1 0 0 0 0 0 0
34 1 0 0 1 0 0 0 0 0
37 1 0 0 0 0 0 1 0 0
38 1 0 0 0 0 0 1 0 0
39 1 0 0 0 0 0 1 0 0
40 1 0 0 0 0 0 0 0 0
42 2 0 0 1 0 0 0 0 0
44 1 0 0 0 0 0 1 0 0
45 1 0 0 1 0 0 0 0 0
46 1 0 0 0 0 0 0 0 0
48 2 0 0 1 0 0 0 0 0
50 1 0 0 0 0 0 1 0 0
51 1 1 1 0 0 0 1 0 0
53 1 0 0 0 0 0 1 0 0
54 1 0 0 1 0 0 0 0 0
fl=/build/glibc-HFHis7/glibc-2.27/setjmp/../sysdeps/i386/setjmp.S
fn=__sigsetjmp
30 3 1 1 3 0 0 0 0 0
33 3 0 0 0 0 0 3 0 0
34 3 0 0 0 0 0 3 0 0
35 3 0 0 0 0 0 3 0 0
36 3 0 0 0 0 0 0 0 0
40 3 0 0 0 0 0 3 0 0
41 3 0 0 3 0 0 0 0 0
42 3 0 0 0 0 0 0 0 0
46 3 0 0 0 0 0 3 0 0
47 3 0 0 0 0 0 3 0 0
51 3 0 0 0 0 0 0 0 0
52 3 0 0 3 0 0 0 0 0
fl=/build/glibc-HFHis7/glibc-2.27/stdio-common/../libio/libioP.h
fn=vfprintf
870 6 1 1 0 0 0 2 0 0
872 6 0 0 2 0 0 0 0 0
873 6 1 1 2 0 0 0 0 0
fl=/build/glibc-HFHis7/glibc-2.27/stdio-common/_itoa.c
fn=_itoa_word
165 7 1 1 2 0 0 4 0 0
168 5 0 0 1 0 0 0 0 0
170 3 2 2 1 0 0 0 0 0
179 26 0 0 2 1 1 2 1 0
188 5 0 0 4 0 0 0 0 0
fl=/build/glibc-HFHis7/glibc-2.27/stdio-common/printf-parse.h
fn=vfprintf
108 11 1 1 1 0 0 7 1 0
fl=/build/glibc-HFHis7/glibc-2.27/stdio-common/printf.c
fn=printf
28 3 1 1 0 0 0 1 0 0
32 1 0 0 0 0 0 0 0 0
33 6 0 0 3 0 0 4 0 0
37 2 0 0 1 0 0 0 0 0
fl=/build/glibc-HFHis7/glibc-2.27/stdio-common/vfprintf.c
fn=vfprintf
1244 16 1 1 4 0 0 8 1 0
1246 4 0 0 0 0 0 3 1 0
1275 6 1 1 3 0 0 3 0 0
1279 1 0 0 0 0 0 1 1 0
1283 9 1 1 3 1 0 1 0 0
1287 6 0 0 2 0 0 0 0 0
1291 5 0 0 2 0 0 0 0 0
1292 6 1 1 2 0 0 0 0 0
1298 4 0 0 0 0 0 1 0 0
1305 1 0 0 0 0 0 1 0 0
1309 2 0 0 1 0 0 1 0 0
1313 1 0 0 0 0 0 1 0 0
1320 1 0 0 0 0 0 1 0 0
1324 11 2 2 2 1 1 4 0 0
1325 13 2 2 7 1 1 1 0 0
1328 13 0 0 5 1 0 4 0 0
1332 3 2 2 2 1 0 0 0 0
1336 10 1 1 3 2 0 0 0 0
1357 1 0 0 0 0 0 1 0 0
1358 1 0 0 0 0 0 1 0 0
1359 1 0 0 0 0 0 1 0 0
1360 1 1 1 0 0 0 1 0 0
1361 1 0 0 0 0 0 1 0 0
1362 1 0 0 0 0 0 1 0 0
1363 1 0 0 0 0 0 1 0 0
1364 1 0 0 0 0 0 0 0 0
1365 1 0 0 0 0 0 1 0 0
1366 1 1 1 0 0 0 1 0 0
1367 1 0 0 0 0 0 1 0 0
1370 1 0 0 0 0 0 1 0 0
1371 1 0 0 0 0 0 1 0 0
1374 1 0 0 0 0 0 1 0 0
1375 2 0 0 1 0 0 1 0 0
1378 13 1 1 5 2 2 2 0 0
1417 3 1 1 1 0 0 1 0 0
1614 2 0 0 0 0 0 0 0 0
1615 14 2 2 6 1 1 2 0 0
1642 130 23 23 48 3 0 21 0 0
1660 1 0 0 1 0 0 0 0 0
1662 3 1 1 1 0 0 0 0 0
1670 5 0 0 1 0 0 3 0 0
1674 24 2 2 7 0 0 5 0 0
1676 3 0 0 1 0 0 0 0 0
1696 11 0 0 5 1 0 1 0 0
1697 3 1 1 1 0 0 0 0 0
1700 10 0 0 7 0 0 0 0 0
fl=/build/glibc-HFHis7/glibc-2.27/stdlib/atoi.c
fn=atoi
26 1 1 1 0 0 0 0 0 0
27 4 0 0 1 0 0 4 0 0
28 2 0 0 1 0 0 0 0 0
fl=/build/glibc-HFHis7/glibc-2.27/stdlib/cxa_atexit.c
fn=__cxa_atexit
65 3 1 1 0 0 0 1 0 0
66 6 0 0 3 0 0 5 0 0
67 2 0 0 1 0 0 0 0 0
fn=__internal_atexit
36 2 1 1 0 0 0 1 0 0
39 9 0 0 2 0 0 1 0 0
40 2 1 1 1 0 0 2 0 0
42 3 0 0 0 0 0 0 0 0
49 3 0 0 2 0 0 0 0 0
51 1 0 0 0 0 0 1 0 0
52 2 0 0 1 0 0 1 0 0
53 2 0 0 1 0 0 1 0 0
54 1 0 0 0 0 0 1 0 0
55 4 1 1 2 0 0 0 0 0
56 1 0 0 0 0 0 0 0 0
57 3 0 0 2 0 0 0 0 0
fn=__new_exitfn
78 7 1 1 0 0 0 5 0 0
79 1 0 0 0 0 0 0 0 0
84 2 0 0 1 1 1 0 0 0
89 9 2 2 3 1 0 0 0 0
91 3 0 0 1 1 1 0 0 0
99 2 0 0 0 0 0 1 0 0
120 1 1 1 0 0 0 0 0 0
121 2 0 0 0 0 0 1 0 0
134 1 1 1 0 0 0 1 0 0
135 2 0 0 2 0 0 0 0 0
139 6 0 0 5 0 0 0 0 0
fl=/build/glibc-HFHis7/glibc-2.27/stdlib/rand.c
fn=rand
27 991232 1 1 0 0 0 0 0 0
fl=/build/glibc-HFHis7/glibc-2.27/stdlib/random.c
fn=random
288 4956160 1 1 991232 0 0 1982464 0 0
291 6938624 1 1 1982464 0 0 991232 0 0
293 4956160 0 0 0 0 0 2973696 0 0
295 3964928 1 1 1982464 0 0 0 0 0
297 991232 0 0 0 0 0 0 0 0
298 6938624 0 0 4956160 0 0 0 0 0
fn=srand
209 4 1 1 0 0 0 2 0 0
210 16 1 1 4 1 1 2 0 0
211 8 0 0 2 0 0 6 0 0
212 8 0 0 4 0 0 0 0 0
213 6 1 1 4 0 0 0 0 0
fl=/build/glibc-HFHis7/glibc-2.27/stdlib/random_r.c
fn=random_r
354 7934816 1 1 1983704 0 0 4959260 0 0
357 3967408 0 0 0 0 0 0 0 0
360 2943562 0 0 991852 0 0 0 0 0
362 2975556 0 0 991852 0 0 0 0 0
371 991852 0 0 991852 0 0 0 0 0
372 991852 0 0 991852 0 0 0 0 0
373 991852 0 0 991852 0 0 0 0 0
376 2975556 1 1 1983704 0 0 991852 0 0
378 1983704 0 0 0 0 0 991852 0 0
379 1983704 0 0 0 0 0 0 0 0
380 1983704 0 0 0 0 0 0 0 0
388 1919716 0 0 0 0 0 0 0 0
391 991852 0 0 0 0 0 991852 0 0
392 991852 0 0 0 0 0 991852 0 0
394 991852 0 0 0 0 0 0 0 0
399 4959260 0 0 4959260 0 0 0 0 0
fn=srandom_r
162 20 1 1 6 0 0 10 0 0
170 4 0 0 0 0 0 0 0 0
172 2 0 0 2 1 0 0 0 0
173 4 0 0 0 0 0 0 0 0
176 2 0 0 2 0 0 0 0 0
178 6 0 0 0 0 0 0 0 0
180 2 0 0 0 0 0 2 0 0
181 4 1 1 0 0 0 0 0 0
186 2 0 0 2 0 0 0 0 0
187 188 0 0 0 0 0 0 0 0
193 540 0 0 0 0 0 0 0 0
194 180 0 0 0 0 0 0 0 0
196 180 1 1 0 0 0 0 0 0
197 60 0 0 0 0 0 60 2 2
200 6 0 0 2 0 0 2 0 0
201 2 0 0 0 0 0 2 0 0
202 2 0 0 0 0 0 0 0 0
203 3110 1 1 1240 0 0 0 0 0
206 1860 0 0 0 0 0 1860 0 0
210 2 0 0 0 0 0 0 0 0
214 18 0 0 14 0 0 0 0 0
fl=/build/glibc-HFHis7/glibc-2.27/stdlib/strtol.c
fn=strtol
105 3 1 1 0 0 0 1 0 0
106 8 1 1 6 1 0 6 1 1
107 2 0 0 1 0 0 0 0 0
fl=/build/glibc-HFHis7/glibc-2.27/stdlib/strtol_l.c
fn=____strtol_l_internal
226 9 2 2 1 0 0 6 0 0
246 2 0 0 0 0 0 1 0 0
252 3 0 0 1 0 0 0 0 0
273 1 0 0 0 0 0 0 0 0
274 1 0 0 0 0 0 1 1 1
283 4 0 0 0 0 0 0 0 0
292 8 1 1 6 3 1 0 0 0
294 2 1 1 0 0 0 0 0 0
298 1 0 0 0 0 0 1 0 0
299 2 0 0 0 0 0 0 0 0
304 1 0 0 0 0 0 0 0 0
305 3 0 0 0 0 0 0 0 0
308 3 0 0 1 0 0 0 0 0
318 2 0 0 0 0 0 0 0 0
325 2 0 0 0 0 0 0 0 0
328 6 1 1 1 0 0 2 0 0
376 1 0 0 0 0 0 1 0 0
377 2 0 0 0 0 0 0 0 0
378 1 0 0 0 0 0 1 0 0
432 6 0 0 3 0 0 0 0 0
434 19 2 2 6 1 0 1 0 0
436 9 1 1 0 0 0 0 0 0
450 6 0 0 2 0 0 2 0 0
451 1 1 1 1 0 0 0 0 0
460 3 0 0 2 0 0 1 0 0
461 1 0 0 0 0 0 0 0 0
464 9 1 1 0 0 0 0 0 0
467 9 0 0 3 0 0 0 0 0
472 3 0 0 0 0 0 0 0 0
473 6 0 0 0 0 0 0 0 0
478 2 0 0 0 0 0 0 0 0
483 3 0 0 1 0 0 0 0 0
489 3 1 1 1 0 0 0 0 0
490 2 1 1 0 0 0 0 0 0
492 3 1 1 1 0 0 0 0 0
525 6 0 0 5 0 0 0 0 0
fl=/build/glibc-HFHis7/glibc-2.27/string/../bits/stdlib-bsearch.h
fn=intel_check_word.isra.0
27 90 0 0 0 0 0 0 0 0
28 30 0 0 0 0 0 0 0 0
29 378 0 0 0 0 0 0 0 0
31 392 0 0 0 0 0 0 0 0
32 196 0 0 0 0 0 0 0 0
35 126 0 0 0 0 0 0 0 0
37 126 0 0 0 0 0 0 0 0
fl=/build/glibc-HFHis7/glibc-2.27/string/../sysdeps/i386/i586/strchr.S
fn=index
45 6 1 1 0 0 0 6 0 0
47 6 0 0 0 0 0 6 0 0
50 6 0 0 0 0 0 6 0 0
52 6 0 0 0 0 0 6 0 0
55 6 0 0 6 0 0 0 0 0
56 6 0 0 6 0 0 0 0 0
58 6 0 0 0 0 0 0 0 0
60 6 0 0 0 0 0 0 0 0
66 6 0 0 0 0 0 0 0 0
67 6 0 0 0 0 0 0 0 0
69 6 0 0 0 0 0 0 0 0
70 6 0 0 0 0 0 0 0 0
72 6 0 0 0 0 0 0 0 0
73 6 0 0 0 0 0 0 0 0
75 6 0 0 0 0 0 0 0 0
77 3 0 0 0 0 0 0 0 0
78 3 0 0 0 0 0 0 0 0
80 2 0 0 2 1 1 0 0 0
81 2 0 0 0 0 0 0 0 0
83 2 0 0 0 0 0 0 0 0
84 2 0 0 0 0 0 0 0 0
86 2 0 0 2 0 0 0 0 0
87 2 0 0 0 0 0 0 0 0
89 2 0 0 0 0 0 0 0 0
90 2 0 0 0 0 0 0 0 0
92 2 0 0 0 0 0 0 0 0
93 2 0 0 0 0 0 0 0 0
95 2 0 0 0 0 0 0 0 0
96 2 0 0 0 0 0 0 0 0
98 2 0 0 0 0 0 0 0 0
100 3 0 0 3 1 1 0 0 0
102 3 0 0 0 0 0 0 0 0
103 3 0 0 0 0 0 0 0 0
105 3 0 0 0 0 0 0 0 0
106 3 0 0 0 0 0 0 0 0
108 3 0 0 0 0 0 0 0 0
118 6 1 1 6 0 0 0 0 0
119 6 0 0 0 0 0 0 0 0
121 6 0 0 0 0 0 0 0 0
122 6 0 0 0 0 0 0 0 0
147 8 0 0 0 0 0 0 0 0
148 8 0 0 0 0 0 0 0 0
150 8 0 0 0 0 0 0 0 0
151 8 0 0 0 0 0 0 0 0
153 8 0 0 0 0 0 0 0 0
154 8 1 1 0 0 0 0 0 0
156 8 0 0 0 0 0 0 0 0
157 8 0 0 0 0 0 0 0 0
159 8 0 0 0 0 0 0 0 0
160 8 0 0 0 0 0 0 0 0
162 8 0 0 8 0 0 0 0 0
163 8 0 0 0 0 0 0 0 0
165 8 0 0 0 0 0 0 0 0
166 8 0 0 0 0 0 0 0 0
168 8 0 0 0 0 0 0 0 0
169 8 0 0 0 0 0 0 0 0
171 8 0 0 0 0 0 0 0 0
172 8 0 0 0 0 0 0 0 0
174 8 0 0 0 0 0 0 0 0
175 8 0 0 0 0 0 0 0 0
177 7 0 0 0 0 0 0 0 0
178 7 0 0 0 0 0 0 0 0
180 7 0 0 0 0 0 0 0 0
181 7 1 1 0 0 0 0 0 0
183 7 0 0 0 0 0 0 0 0
184 7 0 0 0 0 0 0 0 0
186 7 0 0 0 0 0 0 0 0
187 7 0 0 0 0 0 0 0 0
189 5 0 0 0 0 0 0 0 0
190 5 0 0 0 0 0 0 0 0
192 5 0 0 5 0 0 0 0 0
193 5 0 0 0 0 0 0 0 0
195 5 0 0 0 0 0 0 0 0
196 5 0 0 0 0 0 0 0 0
198 5 0 0 0 0 0 0 0 0
199 5 0 0 0 0 0 0 0 0
201 5 0 0 0 0 0 0 0 0
202 5 0 0 0 0 0 0 0 0
204 5 0 0 0 0 0 0 0 0
205 5 0 0 0 0 0 0 0 0
207 5 0 0 0 0 0 0 0 0
208 5 1 1 0 0 0 0 0 0
210 5 0 0 0 0 0 0 0 0
211 5 0 0 0 0 0 0 0 0
213 5 0 0 0 0 0 0 0 0
214 5 0 0 0 0 0 0 0 0
216 5 0 0 0 0 0 0 0 0
217 5 0 0 0 0 0 0 0 0
219 5 0 0 0 0 0 0 0 0
220 5 0 0 0 0 0 0 0 0
222 5 0 0 5 0 0 0 0 0
223 5 0 0 0 0 0 0 0 0
225 5 0 0 0 0 0 0 0 0
226 5 0 0 0 0 0 0 0 0
228 5 0 0 0 0 0 0 0 0
229 5 0 0 0 0 0 0 0 0
231 5 0 0 0 0 0 0 0 0
232 5 0 0 0 0 0 0 0 0
234 5 0 0 0 0 0 0 0 0
235 5 0 0 0 0 0 0 0 0
237 5 0 0 0 0 0 0 0 0
238 5 0 0 0 0 0 0 0 0
240 5 1 1 0 0 0 0 0 0
241 5 0 0 0 0 0 0 0 0
243 4 0 0 0 0 0 0 0 0
244 4 0 0 0 0 0 0 0 0
246 4 0 0 0 0 0 0 0 0
247 4 0 0 0 0 0 0 0 0
249 2 0 0 0 0 0 0 0 0
250 2 0 0 0 0 0 0 0 0
252 2 0 0 2 0 0 0 0 0
253 2 0 0 0 0 0 0 0 0
255 2 0 0 0 0 0 0 0 0
256 2 0 0 0 0 0 0 0 0
258 2 0 0 0 0 0 0 0 0
259 2 0 0 0 0 0 0 0 0
261 2 0 0 0 0 0 0 0 0
262 2 0 0 0 0 0 0 0 0
264 2 0 0 0 0 0 0 0 0
266 2 0 0 0 0 0 0 0 0
270 1 0 0 0 0 0 0 0 0
271 1 0 0 0 0 0 0 0 0
273 1 0 0 0 0 0 0 0 0
288 6 0 0 6 0 0 0 0 0
291 6 0 0 6 0 0 0 0 0
295 6 0 0 6 0 0 0 0 0
298 6 0 0 6 0 0 0 0 0
302 6 0 0 6 0 0 0 0 0
311 5 1 1 0 0 0 0 0 0
312 5 0 0 0 0 0 0 0 0
314 5 0 0 0 0 0 0 0 0
316 5 0 0 0 0 0 0 0 0
317 5 0 0 0 0 0 0 0 0
319 4 0 0 0 0 0 0 0 0
321 4 0 0 0 0 0 0 0 0
322 4 0 0 0 0 0 0 0 0
324 4 0 0 0 0 0 0 0 0
325 4 0 0 0 0 0 0 0 0
327 3 0 0 0 0 0 0 0 0
328 3 0 0 0 0 0 0 0 0
330 3 0 0 0 0 0 0 0 0
331 3 0 0 0 0 0 0 0 0
333 3 0 0 0 0 0 0 0 0
334 3 0 0 0 0 0 0 0 0
342 5 0 0 0 0 0 0 0 0
343 5 0 0 0 0 0 0 0 0
fl=/build/glibc-HFHis7/glibc-2.27/string/../sysdeps/i386/i586/strlen.S
fn=strlen
43 14 1 1 14 0 0 0 0 0
44 14 0 0 0 0 0 0 0 0
46 14 0 0 0 0 0 0 0 0
48 14 0 0 0 0 0 0 0 0
49 5 0 0 0 0 0 0 0 0
51 5 0 0 5 2 2 0 0 0
52 5 0 0 0 0 0 0 0 0
54 4 0 0 0 0 0 0 0 0
55 4 0 0 4 0 0 0 0 0
57 4 0 0 0 0 0 0 0 0
59 4 1 1 0 0 0 0 0 0
60 4 0 0 0 0 0 0 0 0
62 4 0 0 0 0 0 0 0 0
64 4 0 0 4 0 0 0 0 0
65 4 0 0 0 0 0 0 0 0
67 4 0 0 0 0 0 0 0 0
68 4 0 0 0 0 0 0 0 0
94 22 0 0 22 0 0 0 0 0
95 22 0 0 0 0 0 0 0 0
97 22 0 0 0 0 0 0 0 0
98 22 0 0 0 0 0 0 0 0
100 22 0 0 0 0 0 0 0 0
101 22 0 0 0 0 0 0 0 0
103 22 0 0 0 0 0 0 0 0
105 22 0 0 0 0 0 0 0 0
107 22 0 0 0 0 0 0 0 0
110 21 0 0 21 0 0 0 0 0
111 21 0 0 0 0 0 0 0 0
113 21 0 0 0 0 0 0 0 0
114 21 0 0 0 0 0 0 0 0
116 21 0 0 0 0 0 0 0 0
117 21 0 0 0 0 0 0 0 0
119 20 0 0 0 0 0 0 0 0
121 20 0 0 0 0 0 0 0 0
123 20 0 0 0 0 0 0 0 0
126 18 0 0 18 0 0 0 0 0
127 18 0 0 0 0 0 0 0 0
129 18 0 0 0 0 0 0 0 0
130 18 0 0 0 0 0 0 0 0
132 18 0 0 0 0 0 0 0 0
133 18 0 0 0 0 0 0 0 0
135 17 0 0 0 0 0 0 0 0
137 17 0 0 0 0 0 0 0 0
139 17 0 0 0 0 0 0 0 0
142 17 0 0 17 0 0 0 0 0
143 17 0 0 0 0 0 0 0 0
145 17 0 0 0 0 0 0 0 0
146 17 0 0 0 0 0 0 0 0
148 17 0 0 0 0 0 0 0 0
149 17 0 0 0 0 0 0 0 0
151 12 0 0 0 0 0 0 0 0
153 12 0 0 0 0 0 0 0 0
155 12 0 0 0 0 0 0 0 0
158 13 1 1 0 0 0 0 0 0
159 13 1 1 0 0 0 0 0 0
161 13 0 0 0 0 0 0 0 0
162 13 0 0 0 0 0 0 0 0
164 12 0 0 0 0 0 0 0 0
165 12 0 0 0 0 0 0 0 0
167 12 0 0 0 0 0 0 0 0
169 5 0 0 0 0 0 0 0 0
170 5 0 0 0 0 0 0 0 0
172 5 0 0 0 0 0 0 0 0
173 5 0 0 0 0 0 0 0 0
175 1 0 0 0 0 0 0 0 0
177 14 0 0 14 0 0 0 0 0
180 14 0 0 14 0 0 0 0 0
fl=/build/glibc-HFHis7/glibc-2.27/string/../sysdeps/i386/i686/memcmp.S
fn=???
80 326 1 1 326 0 0 0 0 0
fn=bcmp
46 3 1 1 0 0 0 3 0 0
48 3 0 0 3 0 0 0 0 0
49 3 0 0 3 0 0 0 0 0
50 3 0 0 3 0 0 0 0 0
52 3 0 0 0 0 0 0 0 0
53 3 0 0 0 0 0 0 0 0
71 3 0 0 0 0 0 0 0 0
73 3 0 0 0 0 0 3 0 0
75 3 0 0 0 0 0 0 0 0
77 3 0 0 0 0 0 0 0 0
78 12 1 1 3 2 2 3 0 0
81 3 0 0 0 0 0 0 0 0
82 3 0 0 0 0 0 0 0 0
83 3 0 0 0 0 0 0 0 0
97 1 0 0 1 1 1 0 0 0
98 1 0 0 1 0 0 0 0 0
99 1 0 0 0 0 0 0 0 0
100 1 0 0 0 0 0 0 0 0
102 1 0 0 1 0 0 0 0 0
103 1 0 0 1 0 0 0 0 0
104 1 0 0 0 0 0 0 0 0
105 1 0 0 0 0 0 0 0 0
107 2 1 1 2 0 0 0 0 0
108 2 0 0 2 1 1 0 0 0
109 2 0 0 0 0 0 0 0 0
110 2 0 0 0 0 0 0 0 0
112 2 0 0 2 0 0 0 0 0
113 2 0 0 2 0 0 0 0 0
114 2 0 0 0 0 0 0 0 0
115 2 0 0 0 0 0 0 0 0
117 2 0 0 2 0 0 0 0 0
118 2 0 0 2 0 0 0 0 0
119 2 0 0 0 0 0 0 0 0
120 2 1 1 0 0 0 0 0 0
122 2 0 0 2 0 0 0 0 0
125 2 0 0 0 0 0 0 0 0
126 4 0 0 4 0 0 0 0 0
261 1 1 1 1 0 0 0 0 0
262 1 0 0 1 1 1 0 0 0
263 1 0 0 0 0 0 0 0 0
264 1 0 0 0 0 0 0 0 0
266 1 0 0 1 0 0 0 0 0
267 1 0 0 1 0 0 0 0 0
268 1 0 0 0 0 0 0 0 0
269 1 0 0 0 0 0 0 0 0
270 1 0 0 0 0 0 0 0 0
271 1 0 0 0 0 0 0 0 0
272 1 0 0 1 0 0 0 0 0
273 1 0 0 1 0 0 0 0 0
274 1 1 1 0 0 0 0 0 0
275 1 0 0 1 0 0 0 0 0
278 1 0 0 0 0 0 0 0 0
279 2 0 0 2 0 0 0 0 0
fl=/build/glibc-HFHis7/glibc-2.27/string/../sysdeps/i386/i686/memcpy.S
fn=memcpy
40 14 1 1 0 0 0 0 0 0
41 14 0 0 14 0 0 0 0 0
42 14 0 0 0 0 0 0 0 0
43 14 0 0 14 0 0 0 0 0
45 14 0 0 0 0 0 0 0 0
46 14 0 0 0 0 0 0 0 0
47 14 1 1 0 0 0 0 0 0
48 14 0 0 14 0 0 0 0 0
49 14 0 0 0 0 0 0 0 0
50 14 0 0 0 0 0 0 0 0
52 10 0 0 0 0 0 0 0 0
53 10 0 0 0 0 0 0 0 0
55 10 0 0 0 0 0 0 0 0
56 10 0 0 0 0 0 0 0 0
67 10 0 0 0 0 0 10 0 0
68 10 0 0 0 0 0 0 0 0
69 10 0 0 0 0 0 0 0 0
70 10 0 0 0 0 0 0 0 0
71 59 0 0 49 0 0 49 2 2
73 10 0 0 0 0 0 0 0 0
74 21 0 0 11 0 0 11 0 0
76 10 0 0 10 0 0 0 0 0
78 14 0 0 0 0 0 0 0 0
79 14 0 0 0 0 0 0 0 0
80 14 0 0 14 0 0 0 0 0
82 14 0 0 14 0 0 0 0 0
88 4 1 1 0 0 0 0 0 0
89 4 0 0 0 0 0 0 0 0
90 3 0 0 3 0 0 3 2 2
91 4 0 0 0 0 0 0 0 0
92 4 0 0 0 0 0 0 0 0
93 2 0 0 2 0 0 2 1 1
94 20 0 0 16 0 0 16 0 0
96 4 0 0 0 0 0 0 0 0
fl=/build/glibc-HFHis7/glibc-2.27/string/../sysdeps/i386/i686/mempcpy.S
fn=__GI_mempcpy
40 2 1 1 2 0 0 0 0 0
41 2 0 0 0 0 0 0 0 0
43 2 0 0 2 0 0 0 0 0
44 2 0 0 0 0 0 0 0 0
46 2 0 0 2 0 0 0 0 0
47 2 0 0 0 0 0 0 0 0
48 2 0 0 0 0 0 0 0 0
49 2 0 0 0 0 0 0 0 0
51 2 0 0 0 0 0 0 0 0
52 2 0 0 0 0 0 0 0 0
53 2 0 0 2 0 0 2 0 0
54 3 0 0 1 0 0 1 0 0
56 2 0 0 0 0 0 0 0 0
58 2 0 0 0 0 0 0 0 0
61 2 0 0 2 0 0 0 0 0
fn=mempcpy
40 26 1 1 26 0 0 0 0 0
41 26 0 0 0 0 0 0 0 0
43 26 0 0 26 0 0 0 0 0
44 26 0 0 0 0 0 0 0 0
46 26 0 0 26 0 0 0 0 0
47 26 0 0 0 0 0 0 0 0
48 26 0 0 0 0 0 0 0 0
49 26 0 0 0 0 0 0 0 0
50 8 0 0 8 1 1 8 2 2
51 26 0 0 0 0 0 0 0 0
52 26 0 0 0 0 0 0 0 0
53 16 0 0 16 0 0 16 1 1
54 83 0 0 57 1 0 57 4 4
56 26 0 0 0 0 0 0 0 0
58 26 0 0 0 0 0 0 0 0
61 26 0 0 26 0 0 0 0 0
fl=/build/glibc-HFHis7/glibc-2.27/string/../sysdeps/i386/i686/memset.S
fn=memset
45 6 0 0 0 0 0 0 0 0
46 6 0 0 0 0 0 6 0 0
48 6 0 0 6 0 0 0 0 0
49 6 0 0 6 0 0 0 0 0
53 6 0 0 6 0 0 0 0 0
55 6 1 1 0 0 0 0 0 0
56 6 0 0 0 0 0 0 0 0
58 6 0 0 0 0 0 0 0 0
59 6 0 0 0 0 0 0 0 0
60 1 0 0 0 0 0 0 0 0
61 1 0 0 0 0 0 1 0 0
62 1 0 0 0 0 0 0 0 0
63 1 0 0 0 0 0 0 0 0
64 1 0 0 0 0 0 1 0 0
65 1 0 0 0 0 0 0 0 0
66 1 0 0 0 0 0 0 0 0
67 1 0 0 0 0 0 0 0 0
68 1 0 0 0 0 0 0 0 0
71 6 0 0 0 0 0 0 0 0
72 6 0 0 0 0 0 0 0 0
73 6 0 0 0 0 0 0 0 0
75 6 0 0 0 0 0 0 0 0
77 94 0 0 0 0 0 88 7 7
79 6 0 0 0 0 0 0 0 0
80 12 0 0 0 0 0 6 0 0
85 6 0 0 6 0 0 0 0 0
87 6 0 0 6 0 0 0 0 0
91 6 0 0 6 0 0 0 0 0
fl=/build/glibc-HFHis7/glibc-2.27/string/../sysdeps/i386/i686/multiarch/ifunc-sse2-bsf.h
fn=memrchr
31 4 1 1 2 0 0 0 0 0
33 4 0 0 1 1 0 0 0 0
fl=/build/glibc-HFHis7/glibc-2.27/string/../sysdeps/i386/i686/multiarch/ifunc-ssse3-sse4_2.h
fn=strncasecmp
32 5 1 1 2 2 0 0 0 0
35 4 0 0 0 0 0 0 0 0
fl=/build/glibc-HFHis7/glibc-2.27/string/../sysdeps/i386/i686/multiarch/memrchr.c
fn=memrchr
29 3 1 1 1 0 0 1 0 0
fl=/build/glibc-HFHis7/glibc-2.27/string/../sysdeps/i386/i686/multiarch/memset-sse2.S
fn=???
108 1982532 0 0 1982532 0 0 0 0 0
fl=/build/glibc-HFHis7/glibc-2.27/string/../sysdeps/i386/i686/multiarch/strncase.c
fn=strncasecmp
31 3 1 1 1 0 0 1 0 0
fl=/build/glibc-HFHis7/glibc-2.27/string/../sysdeps/i386/i686/strcmp.S
fn=strcmp
30 259 1 1 259 0 0 0 0 0
31 259 0 0 259 0 0 0 0 0
33 1617 0 0 1617 30 22 0 0 0
34 1617 0 0 1617 10 5 0 0 0
35 1617 0 0 0 0 0 0 0 0
36 1494 0 0 0 0 0 0 0 0
37 1494 0 0 0 0 0 0 0 0
38 1494 0 0 0 0 0 0 0 0
39 1494 0 0 0 0 0 0 0 0
41 136 0 0 0 0 0 0 0 0
44 136 0 0 136 0 0 0 0 0
46 123 0 0 0 0 0 0 0 0
47 123 0 0 0 0 0 0 0 0
48 123 0 0 0 0 0 0 0 0
50 123 0 0 123 0 0 0 0 0
fl=/build/glibc-HFHis7/glibc-2.27/string/../sysdeps/i386/strchrnul.S
fn=strchrnul
34 2 1 1 0 0 0 2 0 0
38 2 0 0 2 0 0 0 0 0
39 2 0 0 2 0 0 0 0 0
45 2 0 0 0 0 0 0 0 0
46 2 0 0 0 0 0 0 0 0
47 2 0 0 0 0 0 0 0 0
48 2 0 0 0 0 0 0 0 0
61 2 0 0 0 0 0 0 0 0
62 2 0 0 0 0 0 0 0 0
63 1 0 0 1 0 0 0 0 0
64 1 0 0 0 0 0 0 0 0
65 1 0 0 0 0 0 0 0 0
66 1 0 0 0 0 0 0 0 0
67 1 0 0 0 0 0 0 0 0
68 1 0 0 0 0 0 0 0 0
70 1 0 0 0 0 0 0 0 0
71 1 0 0 0 0 0 0 0 0
72 1 0 0 1 0 0 0 0 0
73 1 0 0 0 0 0 0 0 0
74 1 0 0 0 0 0 0 0 0
75 1 0 0 0 0 0 0 0 0
76 1 0 0 0 0 0 0 0 0
77 1 0 0 0 0 0 0 0 0
79 1 0 0 0 0 0 0 0 0
80 1 0 0 0 0 0 0 0 0
123 2 1 1 2 2 2 0 0 0
124 2 0 0 0 0 0 0 0 0
126 2 0 0 0 0 0 0 0 0
127 2 0 0 0 0 0 0 0 0
137 2 1 1 0 0 0 0 0 0
141 2 0 0 0 0 0 0 0 0
144 2 0 0 0 0 0 0 0 0
145 2 0 0 0 0 0 0 0 0
149 2 0 0 0 0 0 0 0 0
155 2 0 0 0 0 0 0 0 0
156 2 0 0 0 0 0 0 0 0
157 2 0 0 0 0 0 0 0 0
160 2 0 0 0 0 0 0 0 0
161 2 0 0 0 0 0 0 0 0
162 2 0 0 0 0 0 0 0 0
163 2 0 0 0 0 0 0 0 0
165 2 0 0 0 0 0 0 0 0
167 2 0 0 2 0 0 0 0 0
168 2 0 0 0 0 0 0 0 0
170 2 0 0 0 0 0 0 0 0
171 2 0 0 0 0 0 0 0 0
174 2 1 1 0 0 0 0 0 0
175 2 0 0 0 0 0 0 0 0
176 2 0 0 0 0 0 0 0 0
177 2 0 0 0 0 0 0 0 0
179 2 0 0 0 0 0 0 0 0
180 2 0 0 0 0 0 0 0 0
181 2 0 0 0 0 0 0 0 0
182 2 0 0 0 0 0 0 0 0
185 2 0 0 0 0 0 0 0 0
186 2 0 0 0 0 0 0 0 0
187 2 0 0 0 0 0 0 0 0
188 2 0 0 0 0 0 0 0 0
190 2 0 0 0 0 0 0 0 0
192 1 0 0 1 0 0 0 0 0
193 1 0 0 0 0 0 0 0 0
195 1 0 0 0 0 0 0 0 0
196 1 0 0 0 0 0 0 0 0
199 1 0 0 0 0 0 0 0 0
243 1 1 1 0 0 0 0 0 0
244 2 0 0 0 0 0 0 0 0
250 2 0 0 0 0 0 0 0 0
251 2 0 0 0 0 0 0 0 0
252 1 0 0 0 0 0 0 0 0
253 1 0 0 0 0 0 0 0 0
254 1 0 0 0 0 0 0 0 0
256 1 0 0 0 0 0 0 0 0
257 1 0 0 0 0 0 0 0 0
258 1 0 0 0 0 0 0 0 0
259 1 0 0 0 0 0 0 0 0
260 1 0 0 0 0 0 0 0 0
262 1 0 0 0 0 0 0 0 0
263 1 0 0 0 0 0 0 0 0
264 1 0 0 0 0 0 0 0 0
265 1 0 0 0 0 0 0 0 0
266 1 0 0 0 0 0 0 0 0
269 1 0 0 0 0 0 0 0 0
271 2 0 0 2 0 0 0 0 0
275 2 0 0 2 0 0 0 0 0
fl=/build/glibc-HFHis7/glibc-2.27/string/../sysdeps/i386/strcspn.S
fn=strcspn
33 1 0 0 1 0 0 0 0 0
34 1 0 0 1 0 0 0 0 0
41 1 0 0 0 0 0 0 0 0
43 1 0 0 0 0 0 1 0 0
45 1 0 0 0 0 0 1 0 0
47 1 0 0 0 0 0 1 0 0
49 1 0 0 0 0 0 1 0 0
51 1 0 0 0 0 0 1 0 0
53 1 0 0 0 0 0 1 0 0
55 1 1 1 0 0 0 1 0 0
57 1 0 0 0 0 0 1 1 1
59 1 0 0 0 0 0 1 0 0
61 1 0 0 0 0 0 1 0 0
63 1 0 0 0 0 0 1 0 0
65 1 0 0 0 0 0 1 0 0
67 1 0 0 0 0 0 1 0 0
69 1 0 0 0 0 0 1 0 0
71 1 0 0 0 0 0 1 0 0
73 1 0 0 0 0 0 1 0 0
75 1 0 0 0 0 0 1 0 0
77 1 0 0 0 0 0 1 0 0
79 1 0 0 0 0 0 1 0 0
81 1 0 0 0 0 0 1 0 0
83 1 0 0 0 0 0 1 0 0
85 1 0 0 0 0 0 1 0 0
87 1 0 0 0 0 0 1 0 0
89 1 0 0 0 0 0 1 1 1
91 1 0 0 0 0 0 1 0 0
93 1 0 0 0 0 0 1 0 0
95 1 0 0 0 0 0 1 0 0
97 1 0 0 0 0 0 1 0 0
99 1 0 0 0 0 0 1 0 0
101 1 0 0 0 0 0 1 0 0
103 1 0 0 0 0 0 1 0 0
105 1 0 0 0 0 0 1 0 0
107 1 0 0 0 0 0 1 0 0
109 1 0 0 0 0 0 1 0 0
111 1 0 0 0 0 0 1 0 0
113 1 0 0 0 0 0 1 0 0
115 1 0 0 0 0 0 1 0 0
117 1 0 0 0 0 0 1 0 0
119 1 0 0 0 0 0 1 0 0
121 1 0 0 0 0 0 1 1 1
123 1 0 0 0 0 0 1 0 0
125 1 0 0 0 0 0 1 0 0
127 1 0 0 0 0 0 1 0 0
129 1 0 0 0 0 0 1 0 0
131 1 0 0 0 0 0 1 0 0
133 1 0 0 0 0 0 1 0 0
135 1 0 0 0 0 0 1 0 0
137 1 0 0 0 0 0 1 0 0
139 1 0 0 0 0 0 1 0 0
141 1 0 0 0 0 0 1 0 0
143 1 0 0 0 0 0 1 0 0
145 1 0 0 0 0 0 1 0 0
147 1 0 0 0 0 0 1 0 0
149 1 0 0 0 0 0 1 0 0
151 1 0 0 0 0 0 1 0 0
153 1 0 0 0 0 0 1 1 1
155 1 0 0 0 0 0 1 0 0
157 1 0 0 0 0 0 1 0 0
159 1 0 0 0 0 0 1 0 0
161 1 0 0 0 0 0 1 0 0
163 1 0 0 0 0 0 1 0 0
165 1 0 0 0 0 0 1 0 0
167 1 0 0 0 0 0 1 0 0
169 1 0 0 0 0 0 1 0 0
179 1 1 1 1 0 0 0 0 0
180 1 0 0 0 0 0 0 0 0
181 1 0 0 0 0 0 0 0 0
182 1 0 0 0 0 0 1 0 0
184 1 0 0 1 0 0 0 0 0
185 1 0 0 0 0 0 0 0 0
186 1 0 0 0 0 0 0 0 0
187 1 0 0 0 0 0 1 0 0
189 1 0 0 1 0 0 0 0 0
190 1 0 0 0 0 0 0 0 0
191 1 0 0 0 0 0 0 0 0
200 1 0 0 0 0 0 0 0 0
211 12 0 0 0 0 0 0 0 0
213 12 0 0 12 0 0 0 0 0
214 12 0 0 12 0 0 0 0 0
215 12 0 0 0 0 0 0 0 0
217 12 0 0 12 0 0 0 0 0
218 12 0 0 12 0 0 0 0 0
219 12 0 0 0 0 0 0 0 0
221 11 0 0 11 1 1 0 0 0
222 11 0 0 11 0 0 0 0 0
223 11 0 0 0 0 0 0 0 0
225 11 0 0 11 0 0 0 0 0
226 11 0 0 11 0 0 0 0 0
227 11 0 0 0 0 0 0 0 0
231 1 0 0 0 0 0 0 0 0
233 1 0 0 0 0 0 0 0 0
235 1 0 0 0 0 0 0 0 0
238 1 0 0 1 0 0 0 0 0
fl=/build/glibc-HFHis7/glibc-2.27/string/../sysdeps/i386/strrchr.S
fn=__GI_strrchr
33 1 1 1 0 0 0 1 0 0
36 1 0 0 0 0 0 1 0 0
39 1 0 0 0 0 0 0 0 0
40 1 0 0 1 0 0 0 0 0
42 1 0 0 1 0 0 0 0 0
48 1 0 0 0 0 0 0 0 0
49 1 0 0 0 0 0 0 0 0
50 1 0 0 0 0 0 0 0 0
51 1 0 0 0 0 0 0 0 0
64 1 0 0 0 0 0 0 0 0
65 1 0 0 0 0 0 0 0 0
66 1 0 0 1 1 0 0 0 0
67 1 0 0 0 0 0 0 0 0
68 1 0 0 0 0 0 0 0 0
70 1 0 0 0 0 0 0 0 0
71 1 0 0 0 0 0 0 0 0
72 1 0 0 0 0 0 0 0 0
74 1 0 0 0 0 0 0 0 0
75 1 0 0 0 0 0 0 0 0
154 1 0 0 0 0 0 0 0 0
155 1 0 0 0 0 0 0 0 0
156 1 0 0 0 0 0 0 0 0
157 1 0 0 0 0 0 0 0 0
158 1 0 0 0 0 0 0 0 0
166 1 0 0 0 0 0 0 0 0
167 1 0 0 0 0 0 0 0 0
168 1 0 0 0 0 0 0 0 0
171 1 0 0 0 0 0 0 0 0
173 2 1 1 2 0 0 0 0 0
174 2 0 0 0 0 0 0 0 0
175 2 0 0 0 0 0 0 0 0
186 2 0 0 0 0 0 0 0 0
190 2 0 0 0 0 0 0 0 0
193 2 0 0 0 0 0 0 0 0
194 2 0 0 0 0 0 0 0 0
198 2 1 1 0 0 0 0 0 0
204 2 0 0 0 0 0 0 0 0
206 2 0 0 0 0 0 0 0 0
207 2 0 0 0 0 0 0 0 0
210 2 0 0 0 0 0 0 0 0
211 2 0 0 0 0 0 0 0 0
212 2 0 0 0 0 0 0 0 0
213 2 0 0 0 0 0 0 0 0
215 2 0 0 0 0 0 0 0 0
217 1 0 0 1 1 0 0 0 0
218 1 0 0 0 0 0 0 0 0
219 1 0 0 0 0 0 0 0 0
222 1 0 0 0 0 0 0 0 0
223 1 0 0 0 0 0 0 0 0
224 1 0 0 0 0 0 0 0 0
225 1 0 0 0 0 0 0 0 0
227 1 0 0 0 0 0 0 0 0
228 1 0 0 0 0 0 0 0 0
230 1 0 0 0 0 0 0 0 0
231 1 0 0 0 0 0 0 0 0
234 1 1 1 0 0 0 0 0 0
235 1 0 0 0 0 0 0 0 0
236 1 0 0 0 0 0 0 0 0
237 1 0 0 0 0 0 0 0 0
239 1 0 0 0 0 0 0 0 0
241 1 0 0 1 0 0 0 0 0
242 1 0 0 0 0 0 0 0 0
243 1 0 0 0 0 0 0 0 0
246 1 0 0 0 0 0 0 0 0
247 1 0 0 0 0 0 0 0 0
248 1 0 0 0 0 0 0 0 0
249 1 0 0 0 0 0 0 0 0
251 1 0 0 0 0 0 0 0 0
291 1 1 1 0 0 0 0 0 0
292 1 0 0 0 0 0 0 0 0
300 1 0 0 0 0 0 0 0 0
301 1 0 0 0 0 0 0 0 0
303 1 0 0 0 0 0 0 0 0
304 1 0 0 0 0 0 0 0 0
323 1 0 0 1 0 0 0 0 0
326 1 0 0 1 0 0 0 0 0
330 1 0 0 1 0 0 0 0 0
fl=/build/glibc-HFHis7/glibc-2.27/string/../sysdeps/x86/cacheinfo.c
fn=handle_intel.constprop.1
259 33 2 2 3 0 0 21 0 0
261 6 0 0 3 0 0 3 0 0
264 9 0 0 3 0 0 0 0 0
270 3 0 0 0 0 0 3 0 0
272 3 0 0 0 0 0 3 0 0
273 3 0 0 0 0 0 3 0 0
275 13 0 0 2 0 0 6 0 0
281 15 0 0 0 0 0 6 0 0
286 6 0 0 3 0 0 0 0 0
288 6 0 0 0 0 0 3 0 0
289 3 0 0 0 0 0 0 0 0
293 36 2 2 12 0 0 12 0 0
295 9 0 0 0 0 0 0 0 0
298 27 0 0 6 0 0 12 0 0
300 9 0 0 0 0 0 0 0 0
303 24 1 1 6 0 0 12 0 0
305 9 0 0 0 0 0 0 0 0
308 24 0 0 6 0 0 12 0 0
310 9 0 0 0 0 0 0 0 0
314 4 0 0 1 0 0 0 0 0
315 2 0 0 1 0 0 0 0 0
319 27 1 1 21 0 0 0 0 0
fn=init_cacheinfo
488 7 1 1 0 0 0 5 0 0
500 2 1 1 1 0 0 1 0 0
502 8 1 1 4 0 0 2 0 0
504 3 1 1 0 0 0 2 0 0
506 3 0 0 0 0 0 2 0 0
511 3 0 0 0 0 0 1 0 0
519 2 0 0 0 0 0 0 0 0
522 2 0 0 0 0 0 1 0 0
523 1 1 1 1 0 0 0 0 0
525 1 0 0 0 0 0 1 0 0
535 3 1 1 1 0 0 0 0 0
539 2 0 0 1 0 0 0 0 0
541 1 0 0 1 0 0 0 0 0
542 1 0 0 1 0 0 0 0 0
547 14 2 2 1 0 0 6 0 0
550 9 1 1 0 0 0 0 0 0
556 6 0 0 0 0 0 0 0 0
559 19 0 0 0 0 0 0 0 0
564 3 1 1 1 0 0 0 0 0
568 4 0 0 0 0 0 1 0 0
569 2 0 0 0 0 0 1 0 0
586 6 0 0 3 0 0 0 0 0
592 3 0 0 2 0 0 0 0 0
650 3 1 1 1 0 0 0 0 0
651 2 0 0 0 0 0 1 0 0
652 3 0 0 1 0 0 0 0 0
654 2 0 0 1 0 0 0 0 0
656 4 1 1 1 0 0 0 0 0
659 2 0 0 0 0 0 0 0 0
691 4 1 1 0 0 0 0 0 0
692 4 0 0 0 0 0 0 0 0
696 2 0 0 1 0 0 0 0 0
755 2 1 1 1 0 0 0 0 0
758 3 0 0 1 0 0 0 0 0
760 3 1 1 0 0 0 1 0 0
761 1 0 0 0 0 0 1 1 1
763 2 0 0 0 0 0 0 0 0
764 3 0 0 0 0 0 1 1 1
765 1 0 0 0 0 0 1 0 0
768 3 0 0 1 0 0 0 0 0
771 2 0 0 0 0 0 0 0 0
773 3 0 0 0 0 0 1 0 0
774 1 0 0 0 0 0 1 0 0
776 2 0 0 0 0 0 0 0 0
777 3 0 0 0 0 0 1 0 0
778 1 0 0 0 0 0 1 0 0
786 2 0 0 1 0 0 1 1 1
788 5 0 0 1 0 0 0 0 0
789 6 0 0 5 0 0 0 0 0
fn=intel_check_word.isra.0
119 392 0 0 196 9 9 0 0 0
122 189 0 0 0 0 0 0 0 0
128 108 1 1 0 0 0 84 0 0
132 36 0 0 0 0 0 12 0 0
134 10 1 1 0 0 0 0 0 0
138 108 1 1 0 0 0 12 0 0
140 98 0 0 0 0 0 0 0 0
142 60 1 1 0 0 0 0 0 0
144 60 0 0 0 0 0 0 0 0
152 60 0 0 0 0 0 0 0 0
203 66 0 0 3 0 0 0 0 0
211 5 0 0 2 0 0 1 0 0
218 30 1 1 30 0 0 0 0 0
225 30 0 0 0 0 0 0 0 0
230 21 0 0 14 0 0 0 0 0
232 4 1 1 2 0 0 0 0 0
234 4 0 0 2 0 0 0 0 0
236 4 0 0 2 0 0 0 0 0
244 10 0 0 0 0 0 0 0 0
245 4 0 0 2 0 0 2 0 0
250 28 0 0 0 0 0 0 0 0
255 72 0 0 60 0 0 0 0 0
fl=/build/glibc-HFHis7/glibc-2.27/string/strdup.c
fn=strdup
40 18 1 1 3 0 0 12 0 0
41 12 0 0 0 0 0 6 1 1
42 6 0 0 0 0 0 6 0 0
44 9 0 0 0 0 0 0 0 0
47 18 0 0 0 0 0 12 0 0
48 12 0 0 12 0 0 0 0 0
fl=/build/glibc-HFHis7/glibc-2.27/time/../sysdeps/i386/i686/dl-hash.h
fn=gettimeofday
36 70 1 1 10 1 1 1 0 0
fl=/build/glibc-HFHis7/glibc-2.27/time/../sysdeps/unix/sysv/linux/x86/gettimeofday.c
fn=__GI___gettimeofday
28 1 1 1 0 0 0 1 0 0
29 6 1 0 3 0 0 1 0 0
30 2 0 0 2 0 0 0 0 0
fn=gettimeofday
42 23 3 3 3 0 0 9 0 0
fl=/build/glibc-HFHis7/glibc-2.27/wcsmbs/../sysdeps/i386/i686/multiarch/ifunc-sse2.h
fn=wcslen
30 5 1 1 2 0 0 0 0 0
fl=/build/glibc-HFHis7/glibc-2.27/wcsmbs/../sysdeps/i386/i686/multiarch/wcslen.c
fn=wcslen
29 5 1 1 2 0 0 2 0 0
fl=/home/javi/Escritorio/PracticasARQO/Practica3/arqo3.c
fn=generateEmptyMatrix
42 6 0 0 0 0 0 3 0 0
43 1 0 0 0 0 0 1 0 0
44 1 0 0 0 0 0 1 0 0
45 1 0 0 0 0 0 1 0 0
47 7 1 1 1 0 0 3 0 0
48 9 0 0 2 0 0 3 0 0
49 4 0 0 2 0 0 0 0 0
59 2821 2 2 2114 0 0 1 0 0
61 7040 0 0 3520 0 0 704 43 43
64 1 0 0 1 0 0 0 0 0
65 3 0 0 3 0 0 0 0 0
fn=generateMatrix
11 12 1 1 0 0 0 6 0 0
12 2 0 0 0 0 0 2 0 0
13 2 0 0 0 0 0 2 0 0
14 4 0 0 0 0 0 4 0 0
16 14 1 1 2 0 0 6 0 0
17 18 0 0 4 0 0 6 0 0
18 8 0 0 4 0 0 0 0 0
28 8 2 2 0 0 0 4 0 0
29 5642 1 1 4228 0 0 2 0 0
31 14080 0 0 7040 0 0 1408 88 87
32 3971968 1 1 2976512 0 0 1408 0 0
34 15859712 0 0 6938624 1 1 3964928 61952 61952
38 2 0 0 2 0 0 0 0 0
39 6 0 0 6 0 0 0 0 0
fl=/home/javi/Escritorio/PracticasARQO/Practica3/matrix_mult.c
fn=compute
43 6 1 1 0 0 0 3 0 0
46 1 0 0 0 0 0 1 0 0
47 6 0 0 1 0 0 3 0 0
48 2 0 0 1 0 0 0 0 0
52 977 3 3 731 0 0 1 0 0
53 686804 0 0 514676 0 0 244 0 0
54 483508745 0 0 362331614 0 0 171397 0 0
55 4585191720 1 1 2292595860 124653923 10712 120662940 0 0
fn=main
8 17 1 1 3 0 0 8 0 0
10 1 0 0 0 0 0 1 0 0
12 6 1 1 0 0 0 3 0 0
14 2 0 0 1 1 0 0 0 0
19 8 1 1 2 1 0 3 1 0
20 5 0 0 1 0 0 3 1 0
21 5 0 0 1 0 0 3 1 0
22 4 0 0 2 0 0 0 0 0
27 6 1 1 0 0 0 3 0 0
29 5 0 0 3 0 0 4 0 0
fl=???
fn=???
0 2975826 23 21 2975732 4 0 36 1 1
fn=__libc_csu_init
0 32 2 2 9 0 0 10 0 0
fn=__x86.get_pc_thunk.bx
0 12 1 1 12 0 0 0 0 0
fn=_dl_sysinfo_int80
0 16 0 0 8 0 0 0 0 0
summary: 5163735096 934 931 2694197280 124655951 12335 139696949 62320 62269
