2560	266676392843815	207134582843820
2560	26667639	2843815	20713458	2843820
2576	269978322878193	209687722878198
2576	26997832	2878193	20968772	2878198
2592	273699332912227	212655262912232
2592	27369933	2912227	21265526	2912232
2608	276838962947304	215036822947309
2608	27683896	2947304	21503682	2947309
2624	280204452982314	217637742982319
2624	28020445	2982314	21763774	2982319
2640	283996793016995	220663893017000
2640	28399679	3016995	22066389	3017000
2656	287297843062654	223192893062659
2656	28729784	3062654	22319289	3062659
2672	291611983108139	226772563108144
2672	29161198	3108139	22677256	3108144
2688	295067783144399	229443943144404
2688	29506778	3144399	22944394	3144404
2704	298817333180152	232407733180157
2704	29881733	3180152	23240773	3180157
2720	302499603216254	235298083216259
2720	30249960	3216254	23529808	3216259
2736	305873813253013	237878273253018
2736	30587381	3253013	23787827	3253018
2752	309197263290070	240400743290075
2752	30919726	3290070	24040074	3290075
2768	312536283327376	242936203327381
2768	31253628	3327376	24293620	3327381
2784	315892183364855	245481663364860
2784	31589218	3364855	24548166	3364860
2800	319264643402561	248040163402566
2800	31926464	3402561	24804016	3402566
2816	322658243440503	250615033440506
2816	32265824	3440503	25061503	3440506
