2560	90444411370706	26388791370707
2560	9044441	1370706	2638879	1370707
2576	91513211387754	26655541387755
2576	9151321	1387754	2665554	1387755
2592	92587001404711	26920621404712
2592	9258700	1404711	2692062	1404712
2608	93668841421893	27188471421894
2608	9366884	1421893	2718847	1421894
2624	94755191439119	27456401439120
2624	9475519	1439119	2745640	1439120
2640	95850101456555	27727411456556
2640	9585010	1456555	2772741	1456556
2656	96948471473857	27997391473858
2656	9694847	1473857	2799739	1473858
2672	98479671491430	28695081491431
2672	9847967	1491430	2869508	1491431
2688	99594091508998	28970301508999
2688	9959409	1508998	2897030	1508999
2704	100715091526723	29247581526724
2704	10071509	1526723	2924758	1526724
2720	101842771544655	29526691544656
2720	10184277	1544655	2952669	1544656
2736	102976641562651	29807031562652
2736	10297664	1562651	2980703	1562652
2752	104115971580713	30087841580714
2752	10411597	1580713	3008784	1580714
2768	105260981598779	30368721598779
2768	10526098	1598779	3036872	1598779
2784	106413531617137	30652251617138
2784	10641353	1617137	3065225	1617138
2800	107571951635499	30936901635500
2800	10757195	1635499	3093690	1635500
2816	108737421654047	31224281654048
2816	10873742	1654047	3122428	1654048
