2560	108021031933649	45502971933653
2560	10802103	1933649	4550297	1933653
2576	109442871957147	46139781957151
2576	10944287	1957147	4613978	1957151
2592	110873281980856	46779991980860
2592	11087328	1980856	4677999	1980860
2608	112107322004823	47219242004827
2608	11210732	2004823	4721924	2004827
2624	113554202028776	47866002028780
2624	11355420	2028776	4786600	2028780
2640	115427792052662	48934572052666
2640	11542779	2052662	4893457	2052666
2656	116685352076945	49382622076949
2656	11668535	2076945	4938262	2076949
2672	118371822101215	50254572101219
2672	11837182	2101215	5025457	2101219
2688	119649302125870	50711602125874
2688	11964930	2125870	5071160	2125874
2704	120931002150666	51170102150670
2704	12093100	2150666	5117010	2150670
2720	122221072175650	51630302175654
2720	12222107	2175650	5163030	2175654
2736	123515732200738	52091062200742
2736	12351573	2200738	5209106	2200742
2752	124816892225985	52554152225989
2752	12481689	2225985	5255415	2225989
2768	126128142251443	53020102251443
2768	12612814	2251443	5302010	2251443
2784	127441272276912	53484642276916
2784	12744127	2276912	5348464	2276916
2800	128764302302576	53953512302576
2800	12876430	2302576	5395351	2302576
2816	130095522328410	54426072328413
2816	13009552	2328410	5442607	2328413
