2560	432442774446639	378661434446642
2560	43244277	4446639	37866143	4446642
2576	438033864499254	383575454499259
2576	43803386	4499254	38357545	4499259
2592	443612614551960	388469664551965
2592	44361261	4551960	38846966	4551965
2608	448752704606760	392927594606765
2608	44875270	4606760	39292759	4606765
2624	454057194661460	397538744661465
2624	45405719	4661460	39753874	4661465
2640	459782414715393	402572484715398
2640	45978241	4715393	40257248	4715398
2656	465050944780667	407140454780672
2656	46505094	4780667	40714045	4780672
2672	471318134845334	412737754845339
2672	47131813	4845334	41273775	4845339
2688	476756314902081	417463514902086
2688	47675631	4902081	41746351	4902086
2704	482625794957298	422622174957303
2704	48262579	4957298	42262217	4957303
2720	488480875012625	427758815012630
2720	48848087	5012625	42775881	5012630
2736	493874005070122	432436135070122
2736	49387400	5070122	43243613	5070122
2752	499438155127486	437273045127486
2752	49943815	5127486	43727304	5127486
2768	505441745184058	442551515184058
2768	50544174	5184058	44255151	5184058
2784	510965025252494	447340395252494
2784	51096502	5252494	44734039	5252494
2800	517533615320266	453206915320266
2800	51753361	5320266	45320691	5320266
2816	523231275379728	458158125379726
2816	52323127	5379728	45815812	5379726
